1 48.424565 547.289438 115.392761
2 175.038295 84.503420 195.442138
3 65.212851 174.137712 446.082481
4 97.559062 107.659971 92.686329
5 215.642470 106.389414 209.864770
6 159.619382 486.202945 101.737509
7 251.663859 425.937600 80.536630
8 83.706122 171.062074 187.828652
9 79.088981 59.943362 76.357678
10 67.480598 438.055874 118.593599
11 250.412191 185.934132 726.234784
12 127.533705 225.531086 132.074478
13 75.746239 216.649017 95.269603
14 77.770149 473.945358 142.279422
15 120.576212 39.411628 392.466618
16 178.960830 324.796553 193.302829
17 57.175036 160.711629 251.252467
18 226.252625 221.142612 181.859462
19 96.007682 77.060805 103.666682
20 73.229210 133.060009 47.846345
21 23.099254 353.833237 189.021290
22 48.356249 185.343842 82.696385
23 149.349244 191.215413 212.811147
24 64.135979 70.895785 52.002433
25 262.145912 166.392817 214.750826
26 194.159261 149.425744 311.430956
27 137.028168 286.917553 104.983423
28 232.093306 632.496110 344.043060
29 133.205349 44.175713 593.768839
30 154.308773 110.914997 298.385675
31 132.489932 173.813320 86.200819
32 95.280025 292.912345 194.097570
33 38.246826 62.561318 212.027786
34 274.901334 280.320708 147.560958
35 543.366057 81.629520 235.814940
36 83.047856 102.649766 143.563397
37 46.308166 133.566918 125.576185
38 214.500591 250.227086 429.504413
39 112.360278 73.281696 188.674928
40 199.270332 112.651881 252.206716
41 319.925943 125.855611 81.206902
42 324.634831 261.762785 107.284873
43 71.922009 251.551873 168.939384
44 69.991438 62.111671 184.090377
45 335.995220 65.300777 98.665872
46 82.828573 233.638463 270.912454
47 85.989415 182.918349 201.277250
48 451.821172 55.809938 59.442005
49 495.392749 188.489184 154.822723
50 175.052159 135.383697 157.946951
51 75.374956 199.227771 220.945828
52 65.385385 116.209003 53.823897
53 274.463083 337.080742 177.713922
54 263.936656 111.943127 153.367492
55 134.419513 715.366614 256.368600
56 116.644621 130.831832 236.851358
57 99.606865 474.216393 112.517478
58 146.317624 278.084967 216.009425
59 36.359552 54.762698 239.020467
60 93.415449 306.446510 577.634893
61 262.794738 89.371759 72.048607
62 172.472197 206.595024 56.509531
63 108.639278 105.024674 227.207558
64 116.616939 129.304645 91.936144
65 133.504157 226.100458 93.510909
66 121.629262 206.561382 91.752019
67 202.817864 270.676643 134.304103
68 117.387777 38.179477 95.035902
69 55.756580 79.094359 326.903352
70 38.061248 99.523907 202.569591
71 133.451643 32.911394 195.650544
72 328.701858 313.018055 187.306527
73 124.584091 76.665597 54.563744
74 48.338959 126.540191 65.263555
75 55.038829 53.981462 192.748896
76 77.040037 106.162892 66.595306
77 174.871088 252.340207 115.438915
78 415.451677 108.531256 317.181880
79 154.195376 244.842792 99.613393
80 371.672341 97.249375 187.156808
81 285.019289 102.949177 186.622079
82 361.015250 100.553850 297.309991
83 97.239066 260.840425 103.424485
84 37.626264 75.905318 213.042538
85 132.176869 130.598835 98.353550
86 140.608297 272.848012 239.162848
87 129.224653 146.278357 45.094731
88 60.704094 256.132079 56.185235
89 108.250301 89.763495 143.374103
90 53.459044 252.139261 204.779508
91 62.868079 358.197868 65.947913
92 271.348331 147.847019 39.652481
93 619.729158 102.247231 54.059223
94 31.226858 87.190014 232.782524
95 324.593976 185.336697 290.058645
96 85.022907 507.027311 67.706662
97 208.289758 129.266106 477.966139
98 134.831858 97.256093 145.220320
99 75.461838 68.141482 221.410351
100 51.380748 30.306979 109.664846
101 168.184490 407.467821 128.852178
102 83.384869 311.219133 36.619046
103 236.809340 161.195383 192.146516
104 111.829359 91.245846 256.740418
105 340.667266 59.708199 188.725444
106 31.145663 343.665975 71.265520
107 565.542030 44.128446 128.896248
108 117.300455 100.895051 142.728134
109 213.359010 169.295646 26.850455
110 120.412382 310.101258 154.404289
111 76.894359 538.948810 222.977909
112 438.888186 217.890822 105.313165
113 379.442162 118.987907 412.160267
114 132.493349 187.150485 71.675944
115 223.852435 168.025117 245.383346
116 138.548676 81.155454 63.126544
117 214.543789 54.473496 76.661466
118 45.241455 81.599161 268.809529
119 118.422038 342.818630 197.360644
120 58.289751 296.761955 72.330793
121 70.171087 72.977762 51.057774
122 118.097391 49.944724 56.614176
123 102.229569 141.784251 238.267091
124 117.267071 107.602971 86.520586
125 113.804317 75.533373 188.472579
126 161.857301 125.982176 156.030420
127 142.314625 367.298403 113.265708
128 229.001818 148.186849 51.649702
129 41.972376 136.002695 76.332668
130 142.855891 162.406305 251.354951
131 138.497959 111.842843 163.400362
132 43.574715 171.359806 272.581312
133 238.463950 127.608174 122.527439
134 174.649504 128.068800 137.155026
135 196.437586 269.177717 148.410633
136 144.901805 149.054988 102.597798
137 137.819990 315.373159 271.183505
138 192.219987 130.589446 34.671413
139 56.250241 559.200470 803.340707
140 258.873231 125.159852 237.666918
141 113.314391 79.993982 131.400999
142 89.089345 429.908470 105.073708
143 135.231685 47.125845 90.459900
144 205.370127 73.653628 157.593268
145 46.484326 293.155551 415.117001
146 80.890723 241.335475 117.536525
147 208.382459 210.375810 89.893823
148 65.886879 96.659599 268.822591
149 87.067355 240.297631 115.580457
150 87.964465 100.692136 125.190499
151 191.205416 106.023480 107.122962
152 216.671980 182.370085 425.286614
153 146.256115 80.807119 240.574702
154 97.540210 245.342977 143.268063
155 45.925248 186.613965 83.732015
156 432.128300 166.185594 74.440981
157 192.110494 139.198895 60.411565
158 156.590726 166.360409 271.867563
159 141.503267 217.142578 246.135569
160 313.847618 102.964066 160.961318
161 246.117168 119.242571 158.841503
162 113.491030 165.086189 176.760634
163 261.194980 85.491047 142.151382
164 34.882803 198.030121 106.387094
165 30.140610 94.309981 31.644491
166 200.983100 125.021079 110.065996
167 292.373593 60.374740 184.409848
168 170.067931 225.746428 244.348863
169 134.594792 143.439220 545.905919
170 91.820429 45.647703 147.060852
171 103.401796 61.928452 30.767700
172 102.239677 87.237441 132.892786
173 181.645869 216.211534 311.363028
174 104.458923 377.698328 216.539760
175 231.090018 59.691078 31.512022
176 96.548723 240.895988 128.032457
177 306.976371 270.127036 167.501350
178 54.001790 60.528674 134.881402
179 142.073599 446.267510 80.422458
180 389.978854 114.225022 216.555844
181 243.143690 63.561725 59.608859
182 56.330122 107.481788 153.018308
183 295.976072 464.289066 96.115014
184 481.783376 447.651922 257.782097
185 242.705323 195.766052 132.188734
186 127.875766 312.364538 154.241241
187 143.902148 65.966991 52.807618
188 73.604336 192.580335 39.532558
189 63.264609 113.830549 69.662162
190 163.839403 64.605312 91.146866
191 73.038860 165.609487 158.859561
192 163.785241 115.983943 186.746822
193 162.489632 278.116252 240.440127
194 93.107066 335.707719 290.372655
195 93.661078 249.777158 43.543593
196 126.589738 167.436156 82.014562
197 378.352657 187.256014 306.510014
198 40.456191 82.525980 348.574829
199 86.080574 36.034219 209.424535
200 71.500494 116.369480 386.938852
201 230.346363 241.539309 149.413486
202 142.208678 112.965762 294.659502
203 88.981196 132.540841 34.492941
204 246.097593 69.725589 418.794782
205 392.781431 127.699466 89.820897
206 193.697943 278.041341 108.217079
207 228.346047 193.337172 236.367267
208 29.107490 60.666752 115.179033
209 239.378289 163.588240 24.650657
210 266.615486 102.680028 68.168210
211 118.765219 69.695899 236.973144
212 42.870123 117.991962 202.885145
213 103.656526 55.659735 175.182582
214 50.925359 103.233847 264.638421
215 77.908453 100.480632 136.827782
216 188.749368 249.235046 610.351594
217 74.069451 96.165640 43.500951
218 51.143065 94.994953 375.725777
219 117.105950 431.439661 216.623096
220 75.071889 94.049193 83.269672
221 81.650935 89.894885 554.482672
222 632.583480 50.772730 192.579534
223 424.362472 191.657337 77.794225
224 172.521589 109.922064 65.630226
225 106.968882 180.409015 154.954584
226 320.128223 71.470914 164.142473
227 317.421005 55.008661 152.741443
228 347.354011 137.718757 189.210704
229 451.270903 110.582471 112.626964
230 157.506415 153.605287 271.317294
231 914.723824 361.896155 84.591234
232 526.124668 128.018880 206.452058
233 253.498170 81.066853 187.024016
234 246.425719 205.559757 292.655815
235 68.114247 134.699975 214.268592
236 213.200899 91.734007 159.569667
237 212.908359 118.517871 167.348580
238 109.625848 135.473998 200.280860
239 154.073373 85.695464 185.403633
240 280.989983 46.034570 64.658068
241 158.821869 99.209150 85.342505
242 100.329107 104.939736 269.754094
243 145.444087 139.757774 37.850049
244 508.711087 285.930502 151.283943
245 130.883977 299.529649 169.893336
246 250.446160 143.902903 366.223191
247 122.657681 128.684140 256.685495
248 424.871198 257.956718 118.139289
249 79.971554 72.455454 940.229461
250 78.732084 64.560684 299.838540
251 191.024975 306.485367 73.845432
252 75.899443 208.614121 87.655263
253 455.505311 139.966568 90.805783
254 324.302383 184.005256 382.419914
255 306.291977 82.481194 493.566576
256 75.524206 82.444960 168.909842
257 174.636605 164.974788 211.793459
258 572.328570 198.415382 336.106790
259 59.683453 86.322579 218.999324
260 43.507693 164.602215 211.427828
261 119.798491 413.328919 97.697399
262 104.632677 120.293159 290.391934
263 21.953294 216.213274 359.828594
264 38.131612 284.060798 104.632083
265 57.826664 233.322394 89.263941
266 86.380638 102.770289 138.817620
267 208.690070 255.609979 369.650657
268 503.942842 306.720376 120.542726
269 246.531461 135.534513 107.167187
270 83.051497 167.039346 204.445120
271 31.249549 84.880301 1044.696795
272 85.611291 96.378459 675.650454
273 146.009064 291.293628 66.161540
274 103.170911 90.793484 101.369998
275 94.404791 188.648043 60.690182
276 33.130855 237.081653 536.247706
277 120.841046 114.460687 463.714114
278 681.028862 91.086225 274.435483
279 297.850400 39.400008 155.871797
280 103.442385 166.888530 104.842204
281 26.662225 59.130408 67.923688
282 220.389051 71.595428 113.149407
283 92.157048 112.144546 205.659301
284 57.218543 156.821303 155.617355
285 197.419158 209.506950 119.633037
286 334.157127 258.403363 311.783998
287 273.733716 117.582788 106.135750
288 110.526150 73.290353 283.053094
289 59.940222 279.750120 124.861592
290 189.140436 139.627122 236.118054
291 110.684530 398.075535 147.872370
292 65.903020 198.918936 108.690613
293 52.280372 323.544050 56.684782
294 324.607730 196.734514 119.179734
295 310.835812 224.982313 196.648300
296 166.279681 230.942260 650.909531
297 242.068890 527.299049 145.629515
298 96.744641 195.757951 201.052627
299 200.554510 283.402724 119.491360
300 536.054110 201.432139 314.583776
301 181.673175 144.161432 79.443240
302 263.998621 98.652531 333.562063
303 101.114040 155.852380 285.302169
304 51.726873 113.560090 52.682645
305 251.627333 147.181669 149.700171
306 309.948596 105.538193 142.267515
307 164.571455 271.038589 208.796288
308 473.397398 142.803834 208.450889
309 303.615435 79.400741 294.307829
310 130.572122 46.677633 121.893342
311 69.326981 271.362745 178.191437
312 384.980587 29.221367 144.286273
313 188.147765 282.991923 58.836280
314 115.761669 810.463480 83.390127
315 93.004300 84.567751 295.700555
316 185.755048 82.881510 258.288092
317 458.333802 323.672206 98.306649
318 94.391986 513.439120 162.843918
319 767.491131 218.711540 93.946000
320 59.535622 323.227613 160.649738
321 130.254965 277.377172 294.662574
322 139.439653 577.225931 189.581406
323 277.199098 83.324490 55.842545
324 244.608889 268.000160 63.577394
325 56.675283 49.451745 30.787740
326 160.779647 121.345975 325.381780
327 81.230423 70.728514 517.589590
328 185.463590 69.214716 204.391098
329 171.157601 175.390021 300.345894
330 88.318648 140.728682 33.659419
331 87.090034 557.400842 124.143129
332 82.700805 181.912082 381.154283
333 47.707903 382.877262 870.350431
334 278.999131 384.594511 291.060675
335 206.066268 155.962305 170.748888
336 273.850168 695.642799 111.910788
337 84.656623 128.178503 52.392031
338 45.257485 87.696343 84.914388
339 165.523051 76.862838 349.327656
340 96.949811 251.633263 449.335928
341 263.657689 102.168687 112.079092
342 60.124971 156.810355 101.303496
343 73.831563 137.113979 71.376693
344 226.097754 302.042797 131.542702
345 277.594425 23.483034 92.076414
346 161.541408 228.943491 80.247291
347 242.068372 101.242357 116.845362
348 633.457884 90.299265 101.127932
349 99.747854 133.061721 31.374091
350 323.994887 171.276264 52.261444
351 356.102079 76.182237 148.625434
352 66.299398 82.763092 110.762436
353 163.644931 43.500983 214.625737
354 243.397038 65.679344 189.894972
355 92.004143 645.829696 31.871037
356 187.600237 211.075753 50.768848
357 74.689711 57.366705 163.032826
358 299.345311 139.444345 172.920402
359 385.880970 52.489474 85.682132
360 49.231466 122.921894 69.810105
361 172.397699 83.807365 129.016771
362 78.967064 34.865883 159.760539
363 80.833584 108.934948 72.861047
364 270.456222 65.253121 438.848765
365 264.542896 90.433968 447.740987
366 207.148580 36.618183 284.682643
367 189.569654 55.042502 179.968504
368 409.161104 130.922328 364.267812
369 143.371216 183.171883 69.229772
370 102.077995 126.429218 185.492500
371 160.357372 58.361234 55.672569
372 141.110222 442.950244 90.573648
373 51.713115 353.826982 236.430049
374 297.447137 246.565127 296.708751
375 178.655828 198.032275 38.879379
376 233.791991 33.018286 73.557223
377 58.398755 410.988805 270.698996
378 172.068361 445.491029 62.080485
379 219.861823 102.594590 61.433254
380 41.596135 54.373090 99.974265
381 88.272013 210.957043 150.053936
382 98.303603 184.961002 167.940644
383 304.834635 99.679606 92.603191
384 121.784461 525.691434 204.319352
385 121.475907 94.075636 146.648831
386 143.690172 241.430166 125.982219
387 168.966077 135.820122 94.848000
388 100.002805 141.845203 66.454977
389 168.273546 241.766678 61.236594
390 577.430287 242.354711 90.972506
391 337.276529 87.608805 172.429007
392 310.849529 139.286210 413.205194
393 188.248492 175.444364 265.544051
394 131.647393 149.993325 82.949727
395 74.444536 76.582478 69.170800
396 1183.365713 143.580174 144.821690
397 170.870149 70.297327 534.579201
398 87.431968 167.186305 523.018163
399 131.565172 189.540855 188.392538
400 44.624465 49.387675 168.529848
401 92.088537 132.146714 184.767442
402 162.760938 392.959285 203.769237
403 124.059990 122.294861 53.564349
404 138.446338 285.446422 227.874207
405 262.381907 120.437239 482.340784
406 93.155347 59.673438 550.489232
407 211.066231 83.059618 85.664628
408 85.204398 122.393387 312.916779
409 165.984100 49.159376 109.578099
410 146.944685 304.690497 100.589394
411 74.623611 97.672861 299.501194
412 109.757812 117.914127 61.762774
413 61.419589 39.683607 47.568057
414 96.512825 480.777389 168.880533
415 118.370557 248.848773 93.444974
416 88.362248 31.886567 112.182679
417 112.350660 138.797007 104.709165
418 218.578739 72.498857 51.981033
419 132.449519 128.156245 77.262409
420 67.237779 122.472598 95.676194
421 55.613879 80.175200 483.104548
422 74.608399 125.918242 114.230492
423 64.371431 118.513952 41.732207
424 66.057564 154.813650 188.642408
425 113.046992 526.091127 149.605916
426 198.215915 169.822477 69.464745
427 178.276790 139.235627 56.493512
428 84.270455 283.890171 164.143937
429 67.443427 62.019610 303.099032
430 94.121350 161.263955 235.519481
431 132.926736 72.458722 42.474916
432 313.650895 94.074250 56.108580
433 82.718957 183.527628 293.644573
434 282.158799 280.760487 112.061068
435 202.612982 91.379422 240.292217
436 136.697387 192.370462 59.707648
437 199.529668 64.478709 53.226925
438 93.934560 419.773185 284.781003
439 161.277370 524.404247 484.512913
440 247.561599 230.596982 282.426470
441 235.306422 151.896862 71.423216
442 135.429598 400.306891 32.535238
443 171.090044 158.514115 147.573748
444 39.725172 59.546811 169.063062
445 307.567789 41.377183 378.594297
446 320.611714 95.981657 245.333045
447 354.100378 112.075928 202.298567
448 440.527414 369.662641 99.980993
449 449.825541 100.762149 137.247189
450 35.220158 116.523069 105.067352
451 54.265650 289.908381 190.783403
452 68.731556 56.126023 85.259131
453 60.357880 346.322150 178.507627
454 160.946850 201.739937 88.200676
455 64.016269 113.705840 84.807433
456 47.153191 321.464530 90.205893
457 70.168444 261.182367 42.188559
458 78.148938 95.693931 97.433403
459 70.982567 122.288845 93.730602
460 95.593352 67.799651 131.914632
461 273.361791 187.892636 284.636841
462 109.838901 348.337359 284.823762
463 236.212466 58.352957 277.754180
464 66.198198 44.537385 44.802727
465 233.977759 178.539167 163.739615
466 464.103349 177.695982 126.509362
467 315.983095 91.436143 622.526304
468 634.832101 153.201007 170.959303
469 114.815315 167.872141 170.936863
470 366.259048 186.381280 169.537565
471 75.828588 302.723869 98.693082
472 166.086657 73.804913 49.236988
473 55.672930 196.058711 160.902605
474 215.673994 155.162237 79.481001
475 135.660014 79.530241 33.213686
476 233.669467 232.377546 103.288070
477 41.711817 228.369950 101.955997
478 144.579565 476.320694 365.634653
479 113.200744 449.408833 443.385704
480 73.677051 154.013549 68.354210
481 270.806932 269.527126 48.760847
482 291.504735 100.723519 56.745130
483 94.189684 97.464399 109.751498
484 84.455264 561.167324 152.913524
485 176.559931 188.869325 356.677377
486 35.904952 142.203308 470.994344
487 87.674327 157.583141 81.066125
488 62.880529 127.264671 438.366809
489 70.890644 154.304237 120.438865
490 144.581442 336.949742 92.490614
491 120.718967 100.502948 71.048836
492 77.587106 105.857780 103.151564
493 300.951765 111.305825 163.586794
494 62.041103 289.467817 403.955734
495 423.692131 215.087148 319.144109
496 79.204587 230.296131 177.678560
497 236.856305 168.396839 307.901100
498 117.822874 192.217022 64.121477
499 163.391632 182.532268 52.059626
500 202.108285 37.272103 66.760701
501 67.665844 298.184045 102.066186
502 90.431966 41.562559 105.293367
503 128.965105 77.084797 306.186444
504 113.743306 151.128802 387.897763
505 106.510784 84.929624 130.248841
506 42.775894 175.218772 229.739335
507 82.555196 148.151822 270.686870
508 198.615412 168.704931 57.325591
509 63.394231 250.487345 158.174009
510 227.185625 103.496679 83.287104
511 141.923861 176.898672 111.662872
512 210.292121 200.774320 95.185866
513 78.024185 257.497203 216.399922
514 227.156418 444.336781 83.246964
515 100.801377 127.628525 177.795369
516 510.376940 145.368033 106.157938
517 165.109329 80.491639 51.471345
518 194.994418 78.716004 68.606581
519 103.895985 295.161742 55.654243
520 484.749938 290.778486 163.051474
521 154.519362 102.652541 82.914463
522 82.472964 63.821772 120.255970
523 111.636294 62.314774 86.284771
524 189.114794 70.870374 182.110329
525 200.922983 144.521760 371.222223
526 260.525196 318.071061 501.068278
527 47.214275 77.491708 39.677818
528 59.545415 91.121336 43.145575
529 181.836454 262.480185 147.633192
530 279.565156 360.278709 587.286322
531 135.877868 204.850813 144.606377
532 59.301422 113.765315 88.935002
533 65.521701 301.636114 63.383346
534 81.043713 92.122359 28.012352
535 139.960985 208.819551 137.822161
536 72.605754 88.603645 392.266655
537 153.090613 160.986700 97.477072
538 133.431455 55.554261 77.456139
539 134.762294 111.098173 103.597716
540 59.345051 170.256632 68.445585
541 84.693598 132.167574 353.665500
542 184.197717 41.383635 333.888849
543 71.062711 224.230509 507.189648
544 61.012301 304.144015 422.340181
545 115.627244 80.236840 271.991777
546 60.829513 38.075421 165.948567
547 122.043736 38.144214 53.374793
548 194.485699 336.466054 552.161600
549 108.773087 262.521225 221.170414
550 430.534786 50.883730 98.430489
551 79.912482 68.311582 391.311694
552 77.558188 186.331016 145.338183
553 58.030064 543.092443 254.871491
554 119.556210 328.359792 168.256106
555 161.602490 44.378428 155.576409
556 90.277484 275.704269 336.633129
557 89.250232 74.316918 139.494118
558 130.760045 76.844180 168.588228
559 107.340436 377.462631 149.268734
560 337.550209 180.038042 65.099051
561 205.632863 56.651812 41.605057
562 171.707335 54.036606 231.960731
563 155.262986 397.652319 236.032580
564 50.859611 461.304459 28.921537
565 66.058286 105.207522 137.388042
566 70.286170 162.431025 59.237509
567 106.169920 308.524479 154.236631
568 87.111072 72.290274 269.346731
569 108.218395 375.122409 57.963188
570 87.970750 189.936375 85.168528
571 184.381961 98.244094 78.471646
572 212.050396 385.614398 115.936621
573 43.341928 219.128222 82.578566
574 77.850286 46.372827 148.996203
575 100.884441 78.838817 136.114826
576 48.982121 75.912192 136.548214
577 208.140114 118.578897 108.182059
578 64.956143 67.871969 50.555302
579 78.190584 87.087253 57.403993
580 87.048348 154.935845 134.154220
581 340.433226 50.806424 59.580051
582 60.131787 130.248337 147.015501
583 91.913931 63.369333 120.669012
584 40.697149 85.547017 228.805933
585 417.405497 71.898792 81.483215
586 145.865707 105.688709 47.343202
587 142.059097 96.562676 208.547414
588 167.432414 35.708625 151.777286
589 79.240353 276.482137 247.435552
590 81.982392 106.137469 327.603566
591 77.020078 425.678372 290.259811
592 304.801136 239.116992 314.122476
593 149.985340 65.385361 208.020158
594 56.967498 70.762651 76.892933
595 108.158917 71.526645 64.029706
596 58.340849 51.213905 43.678556
597 341.542717 213.100375 199.689607
598 70.313877 70.287886 295.688918
599 863.298254 36.820314 258.895854
600 1080.251876 74.480620 464.097643
601 283.420117 53.850562 212.178606
602 63.078123 166.460233 134.355083
603 48.483832 185.192125 296.688160
604 88.405522 75.911193 160.886863
605 263.992119 90.834955 48.664306
606 73.718494 434.235472 30.478018
607 136.869345 212.835275 212.829732
608 355.331405 260.403219 295.308172
609 230.521726 379.169123 196.029030
610 115.819307 431.879262 214.477346
611 139.995714 282.506653 122.941309
612 184.095879 257.210349 76.639371
613 472.648343 105.031396 72.917332
614 542.105607 98.641028 113.323179
615 83.717202 131.184714 191.802859
616 227.769360 86.396314 119.138767
617 166.330595 86.572717 512.612774
618 454.861598 111.047947 76.460297
619 423.321843 370.410393 137.440642
620 134.304312 166.049338 415.853056
621 312.621830 397.247306 195.984656
622 163.716626 95.009269 537.105059
623 66.600997 481.417931 60.945319
624 155.911220 162.115442 61.497481
625 244.888398 78.343927 177.660014
626 187.992443 114.238794 127.848090
627 60.322088 108.758906 36.301431
628 79.894254 165.151927 37.320833
629 109.472138 85.275904 79.866549
630 506.348912 298.909178 131.812643
631 124.563162 197.912209 57.793917
632 117.966634 104.703917 59.732989
633 112.664816 85.848311 102.758089
634 80.826301 317.604739 114.551023
635 166.377103 120.912154 125.329402
636 109.715579 38.134485 115.781714
637 55.132414 137.192397 155.090977
638 96.436785 336.641886 80.969419
639 231.587716 193.284256 107.769623
640 41.336270 126.865269 62.105306
641 71.707506 175.028755 30.736210
642 83.576788 67.338964 89.411627
643 75.520826 67.294604 137.503090
644 398.272157 113.055159 61.494497
645 103.154350 221.614644 32.458743
646 89.647542 219.270052 419.999430
647 152.078488 351.076890 70.971542
648 382.282799 351.033671 77.329518
649 260.361286 58.347402 220.499493
650 141.594034 113.727657 490.989790
651 117.928146 145.446424 487.232502
652 122.572130 80.552901 110.219620
653 88.651642 41.693869 103.971103
654 79.646464 132.566901 98.525592
655 54.621995 82.802174 67.818923
656 183.321472 35.040705 116.947826
657 121.357818 62.529645 127.787417
658 122.832766 258.423015 181.705595
659 76.103449 186.714990 70.809217
660 154.396262 78.180457 142.666563
661 132.234080 72.644519 56.440350
662 59.538605 106.386310 162.747696
663 129.522100 101.290758 74.121030
664 191.870094 190.352801 36.344700
665 189.213334 65.474408 60.149615
666 432.020743 127.517976 108.152200
667 88.167183 199.658887 135.307253
668 193.555193 56.319613 165.016482
669 65.813487 370.016438 165.561878
670 88.374372 496.704972 84.045990
671 106.511084 281.896917 139.604639
672 129.264136 429.450943 483.338182
673 229.301163 346.577034 223.519641
674 68.380719 206.027832 178.880072
675 279.439586 103.388831 160.030357
676 133.487572 36.647378 52.392852
677 575.240848 108.345649 174.752732
678 189.269907 73.321693 125.776325
679 195.336849 72.476038 307.063269
680 188.624171 66.768453 245.770020
681 90.902822 139.231651 137.341981
682 155.859071 336.973561 127.737608
683 59.705497 189.709007 152.524469
684 90.394027 179.404607 148.104684
685 82.435775 174.542344 121.879150
686 197.754575 54.693214 119.440199
687 114.161440 73.628315 170.960683
688 138.616896 98.165806 277.648380
689 276.848977 104.444857 111.683720
690 41.696986 78.300138 50.635961
691 134.897653 503.107627 98.683438
692 55.614508 600.179580 524.827941
693 67.340603 95.697612 137.446589
694 231.426981 98.332888 180.528233
695 68.019943 84.883907 64.387822
696 119.309375 103.379272 148.497740
697 58.137629 180.651669 190.120520
698 372.831706 278.922401 616.732943
699 74.393137 395.814685 160.961108
700 105.281375 367.219180 51.899953
701 541.822866 147.524093 634.435704
702 468.547586 94.782787 48.160590
703 103.511996 123.109377 232.596506
704 157.433391 116.815510 263.612070
705 243.116513 272.365813 63.339541
706 123.576570 466.238234 139.852208
707 348.936932 511.591611 87.060245
708 48.832411 283.297604 116.606148
709 56.360655 42.816094 125.539451
710 335.658692 132.161194 41.901827
711 198.508609 89.952759 47.042626
712 168.204861 65.877798 220.615729
713 100.455492 505.063043 158.219362
714 65.746580 27.758508 72.921574
715 158.648616 330.584103 80.254442
716 118.308152 98.623949 360.522954
717 223.932880 78.533752 157.820226
718 139.084668 55.406903 351.681812
719 488.246403 121.663547 52.788445
720 569.692153 126.635088 56.014303
721 66.470661 58.945428 52.439409
722 313.252432 207.103701 102.044845
723 98.196454 96.839785 31.251501
724 141.118132 344.055880 33.870270
725 155.582339 116.571551 131.235412
726 130.389538 89.426115 231.689416
727 57.552857 72.378817 254.844561
728 169.925910 197.555442 325.568003
729 122.810351 143.399905 292.580332
730 72.468026 243.300407 180.618359
731 142.197313 63.431600 334.159818
732 106.222705 227.192189 38.280288
733 112.959269 199.230420 96.671964
734 33.733421 439.763432 155.905444
735 63.720342 570.913073 86.735547
736 45.156574 276.752064 78.515970
737 63.366016 377.552454 109.224021
738 63.333979 322.985163 74.969284
739 40.076876 393.798161 150.922721
740 53.179126 85.359897 369.231388
741 135.686031 202.617177 534.683148
742 83.411623 225.838134 92.738297
743 67.195666 170.141105 32.880792
744 294.423249 734.135305 86.900830
745 168.037684 239.295660 687.323158
746 20.568622 67.798300 332.549116
747 88.860385 94.933205 311.636005
748 44.849519 96.043667 66.908959
749 208.096917 141.387103 115.153207
750 328.916973 229.383681 227.709781
751 98.979469 43.003860 116.562403
752 85.709290 285.976863 185.789585
753 451.220237 64.241817 253.346902
754 109.598090 129.552175 71.097759
755 176.019427 371.782670 66.638058
756 62.952314 219.584631 139.871843
757 112.995439 220.838798 241.940386
758 43.128720 39.585863 95.574500
759 33.515061 128.453607 91.636365
760 53.488862 74.660382 333.062443
761 68.241346 161.218888 1032.874735
762 124.427641 440.254207 46.867686
763 91.028941 47.581492 48.915412
764 68.425690 66.998517 46.536828
765 107.366227 297.163975 102.895150
766 374.066243 499.403045 131.623017
767 151.637296 120.288140 56.256085
768 359.810966 51.741244 102.552072
769 86.612004 64.463552 121.771766
770 67.151267 131.762475 352.381673
771 45.146011 458.785119 413.357614
772 280.287336 49.222291 112.802126
773 46.039599 24.866842 130.589509
774 68.136711 160.960128 100.886110
775 224.801199 177.607729 389.564116
776 104.468136 113.624183 394.761436
777 36.184663 223.965970 41.686609
778 121.048329 133.535724 111.132442
779 57.163560 183.962188 123.203619
780 82.414485 250.682041 190.665574
781 53.448449 258.789990 254.549563
782 286.925042 123.250079 476.404213
783 200.537991 64.583137 48.118239
784 83.829319 65.432336 109.005787
785 58.225893 141.520243 41.469802
786 411.146190 113.769042 65.752892
787 173.582828 141.007752 298.206878
788 100.175107 95.335790 95.407347
789 181.798632 79.747842 153.042214
790 28.059717 125.182835 251.726063
791 86.487193 286.692938 163.968245
792 638.343221 456.423100 93.301628
793 182.519559 152.309896 85.483798
794 100.039048 68.703725 52.271517
795 47.999959 247.681508 48.438982
796 145.868024 104.394393 96.583058
797 137.307356 158.269100 105.304248
798 204.970509 105.117131 93.989286
799 70.804426 61.571115 232.516726
800 166.922593 148.641927 179.018327
801 73.266897 87.472163 104.234254
802 46.745422 47.444042 396.474459
803 83.108657 78.694313 195.843094
804 174.938630 180.152791 332.682278
805 102.920921 108.245094 242.289023
806 321.289362 79.856252 50.730059
807 251.257947 219.208150 231.288004
808 105.864122 682.794231 304.220418
809 52.108101 158.297163 307.852693
810 152.896545 72.755056 198.771523
811 294.756472 445.385610 601.335496
812 85.585517 917.988677 170.176503
813 83.926511 236.322857 57.916644
814 33.162231 79.110594 171.465692
815 128.446099 32.743142 622.777720
816 245.739882 294.001052 256.847247
817 169.292980 126.791727 196.541984
818 46.375386 407.170658 129.762166
819 68.846156 72.725775 192.898139
820 54.346868 62.679524 112.934886
821 98.706248 181.085377 54.605946
822 101.588717 129.061587 77.193136
823 139.700942 273.453684 57.297975
824 110.545417 135.365554 301.482670
825 222.793012 110.548164 54.572248
826 243.247032 1048.936588 194.010747
827 189.001507 91.537598 72.865022
828 243.031391 103.278535 120.327197
829 79.611010 77.716907 67.972306
830 60.485366 283.228825 108.847142
831 142.325627 196.926816 313.866096
832 484.163945 186.692686 238.412190
833 103.196280 335.195142 54.862193
834 316.717634 822.366901 95.439771
835 132.741950 35.194943 38.456807
836 81.251356 408.529622 99.931964
837 642.346953 263.417087 129.166962
838 180.661568 297.710255 745.869557
839 72.825027 88.794416 208.393405
840 106.063679 217.517668 215.128942
841 250.987273 378.090933 351.746571
842 170.781895 145.454951 363.984614
843 261.122743 248.241872 191.079984
844 343.152635 158.477517 123.674156
845 369.448198 139.921795 382.839464
846 246.188059 805.799826 277.699677
847 140.416159 774.705273 83.477799
848 155.193551 300.005428 211.335735
849 131.457157 267.266125 239.497295
850 207.278292 248.925153 110.762163
851 86.419815 277.172965 373.479690
852 163.408471 129.692385 537.690007
853 107.359489 83.060668 42.825525
854 173.596852 76.795677 360.840373
855 222.436568 74.284932 39.736744
856 140.256558 53.046967 58.254973
857 152.637017 80.548850 104.637631
858 174.093392 553.119664 118.428521
859 303.346762 188.691594 424.851147
860 200.000949 376.437461 158.667379
861 67.553787 133.797553 114.760729
862 118.328810 229.363080 152.825084
863 38.679156 74.668945 115.454779
864 132.110173 61.340978 36.933041
865 174.494612 90.418433 132.040956
866 483.771366 137.829557 286.313793
867 168.262188 163.109815 274.551590
868 188.340517 131.963636 85.750364
869 43.242020 62.090771 64.034748
870 99.356165 71.460979 140.183711
871 101.169612 139.553828 438.534175
872 204.985925 58.272298 144.770358
873 75.459867 75.743033 255.929879
874 252.910566 187.767188 99.067356
875 147.417008 145.587983 158.310903
876 235.340707 92.862536 258.495786
877 221.499861 103.031367 725.006833
878 127.421595 119.259308 380.989909
879 115.243895 114.161966 349.617257
880 125.118537 74.641962 446.963055
881 282.959616 247.024885 690.851912
882 312.816084 244.982279 221.942940
883 75.664375 67.481469 98.370816
884 100.840498 76.149763 73.377857
885 101.889570 354.380763 127.978296
886 160.518190 181.855555 58.184076
887 104.220042 70.257611 126.176955
888 521.166610 98.166105 226.632729
889 106.450251 305.042002 58.577352
890 149.137016 296.348873 351.349300
891 143.096760 68.119655 169.570056
892 402.791562 73.601896 333.096455
893 135.959561 746.336323 52.822710
894 125.971012 329.426237 117.781651
895 208.777470 387.230798 238.767673
896 149.086540 220.391058 229.093340
897 78.044685 325.047667 416.629938
898 50.335148 209.488186 156.169432
899 235.482955 83.392855 460.288928
900 195.901036 53.147680 552.884169
901 218.308197 109.694965 267.448201
902 252.611897 269.152552 335.391057
903 137.057923 69.869124 47.440167
904 66.496430 124.625909 100.504141
905 174.682952 178.413785 310.153670
906 38.587095 162.497181 64.368662
907 97.112801 181.525079 139.865094
908 147.912190 93.448190 533.458509
909 258.994555 88.525287 196.221746
910 136.614414 27.747464 55.107900
911 326.542479 57.955714 384.311413
912 204.445591 94.707951 540.059351
913 84.671537 223.741913 115.363548
914 288.145915 66.864141 90.471583
915 95.593632 233.129900 105.552283
916 66.020265 101.455994 543.615984
917 79.523942 221.463096 292.018014
918 95.587380 60.533083 69.399836
919 121.133257 148.807614 56.502968
920 141.086066 220.432974 79.666734
921 50.074821 92.272773 416.448059
922 52.606301 47.486963 378.476189
923 178.877160 45.628870 104.347348
924 81.579860 217.434242 38.022690
925 461.222756 238.437383 88.743804
926 124.287376 136.308547 90.376295
927 53.455126 92.919689 141.474180
928 107.043236 47.105428 547.118808
929 132.361972 86.281609 64.446396
930 218.510166 257.715717 320.259388
931 114.762765 78.838291 287.978047
932 124.877879 235.665933 530.659815
933 97.425838 76.206683 218.656143
934 218.111492 198.412075 118.629164
935 138.256683 100.429850 68.642584
936 259.213541 64.029400 66.193470
937 121.368218 547.872218 168.521583
938 129.277286 669.521342 139.407948
939 130.797608 270.177517 158.817535
940 107.021775 199.415924 104.367494
941 153.623956 186.209430 119.417032
942 142.180401 39.499236 122.945605
943 150.099581 56.890230 142.492497
944 42.768243 166.625624 166.091340
945 369.849780 178.133751 100.888511
946 115.718666 150.769884 306.656918
947 388.842988 121.256946 274.564996
948 456.185480 133.623567 213.307634
949 100.057885 118.961475 381.151705
950 72.359268 187.902847 54.096298
951 170.581274 84.795461 59.119266
952 140.798600 183.317542 107.834111
953 268.219247 339.716507 305.324744
954 234.565375 119.286395 360.338161
955 31.075056 236.102860 194.883966
956 147.584025 188.708985 92.316505
957 122.397605 150.579255 138.897010
958 179.482794 147.758877 309.120949
959 64.246770 382.187722 166.722152
960 98.799723 105.516909 136.662403
961 51.848363 226.054519 80.298293
962 221.829240 339.072026 104.739633
963 351.764279 191.032742 102.049291
964 81.561467 100.349975 158.211466
965 483.615224 175.184416 203.081521
966 433.038745 238.789277 111.259244
967 56.876759 414.745288 58.636189
968 99.550246 165.323657 399.663228
969 86.859723 61.409832 48.620186
970 335.816488 64.356883 131.033579
971 38.875395 42.462971 131.032888
972 125.833620 226.106388 286.802206
973 329.737260 170.918738 172.672314
974 950.879333 224.412425 128.178508
975 363.829943 525.297025 105.473227
976 278.836303 275.526726 230.068397
977 138.650521 189.245237 121.560012
978 149.958956 208.702764 63.612836
979 55.690365 88.638164 160.703276
980 171.375270 131.977944 82.935610
981 116.237118 37.566762 44.127349
982 576.375565 202.872084 73.559691
983 253.009123 98.697171 220.839968
984 82.817143 124.871782 493.485387
985 198.207019 64.634419 542.332542
986 200.391925 65.202033 331.774310
987 326.494087 34.524908 219.031466
988 369.217447 54.669387 184.784061
989 88.231812 84.902504 211.700315
990 335.430130 222.126298 161.227920
991 39.145543 134.491047 259.625472
992 112.896304 92.702649 98.205604
993 44.462960 66.335208 287.555322
994 46.346397 104.379752 150.677189
995 115.095945 88.741130 66.006098
996 166.617910 105.779807 169.959209
997 114.501243 41.475342 47.628162
998 95.047869 56.195439 45.350808
999 89.314703 144.405852 110.774362
1000 79.651329 164.079928 314.722164
