1 4.473387 20.841163 6.809296
2 -11.084056 0.086525 9.783744
3 -2.047179 8.372679 19.319005
4 -6.945517 -2.437724 -3.123720
5 -13.641262 -1.404142 -11.481233
6 -2.366789 -19.850279 -6.131741
7 14.671644 17.334414 0.663068
8 -5.204540 10.575295 11.577625
9 3.703254 -1.294101 6.593344
10 -5.060306 20.134512 3.399370
11 10.981341 -10.560926 -25.341298
12 1.440654 -12.519757 -5.528114
13 -0.991088 11.823305 -5.764199
14 -1.793366 20.848886 -9.976688
15 9.490289 1.073461 -11.505604
16 11.954077 -16.333279 -10.264395
17 4.498637 -10.226209 -7.337096
18 -11.390127 -12.648594 -8.217267
19 4.276764 3.040721 6.623026
20 1.431197 -5.628253 -2.427825
21 0.735635 -17.576478 10.255477
22 0.283520 8.926413 -4.099384
23 8.847551 10.529897 -10.554923
24 -4.620069 4.409738 -0.140135
25 -12.332644 10.567842 -5.578013
26 2.093054 -9.014766 -16.544045
27 2.961541 -11.201351 -5.889841
28 12.026659 -18.733858 15.472095
29 8.302178 -2.685199 21.544623
30 3.367326 -3.717141 16.472111
31 -2.892033 10.552276 3.871772
32 0.566850 15.621589 7.966615
33 -3.539315 4.450878 9.819734
34 14.361388 11.381465 7.956805
35 21.684013 1.750767 8.954648
36 5.596131 -4.297992 8.254693
37 1.564483 -0.610404 7.330433
38 -6.493219 -14.192090 20.088740
39 3.157403 -2.329174 11.038829
40 -8.540762 3.955212 14.644269
41 -16.600039 7.080333 3.418385
42 -17.277972 -11.094123 -3.364549
43 -1.167654 14.102514 8.200228
44 1.231088 0.516192 -5.444281
45 12.660033 4.537749 4.937534
46 6.776083 13.389072 9.562972
47 -3.910742 8.826021 8.954912
48 15.698242 1.367128 -5.318093
49 20.920189 -2.100856 10.404181
50 10.868547 -7.732141 9.308747
51 5.371915 -12.835087 8.581949
52 0.367824 -9.067482 -1.408271
53 -14.806325 12.582266 7.525828
54 -14.548772 0.386162 9.191755
55 -10.548340 -23.194202 -13.300175
56 -0.171847 4.179635 -12.637578
57 4.988167 -19.748540 6.151895
58 -9.805382 -5.730894 11.120006
59 -0.144213 5.500538 11.695082
60 1.105158 15.725720 19.208151
61 12.364489 -4.411387 -5.412387
62 -10.907649 -10.764473 2.096157
63 -0.478968 6.050237 -10.317003
64 -7.869214 6.154067 -0.611780
65 5.167290 8.801985 6.739031
66 3.421417 -10.491797 7.962866
67 -4.992685 -4.743026 8.507373
68 -2.065013 -0.126629 5.322182
69 0.235127 1.802261 -15.908677
70 -3.848990 -6.880682 -6.130389
71 1.361682 -3.229665 10.785921
72 -15.974508 -16.107264 -12.550700
73 5.615792 3.443810 -2.413647
74 -1.502942 8.806740 -0.653735
75 -0.178887 -1.637704 11.458030
76 3.434581 -5.449379 -0.433554
77 9.405187 13.915882 -7.054228
78 -14.836735 -0.870904 -15.944953
79 -8.807052 3.685410 -6.893677
80 -16.767988 4.250094 -0.296606
81 -1.869031 -0.308681 12.403797
82 16.884020 -6.643133 16.399818
83 3.832808 -13.604774 -1.853094
84 -2.676965 -2.273926 -4.385433
85 -9.106816 8.968764 1.493768
86 -7.431542 -6.095243 9.730914
87 2.407182 -5.707949 -3.366733
88 -2.709262 11.136770 -4.378395
89 -0.518130 -5.392745 -4.288245
90 -3.408661 11.672833 -9.335568
91 -0.177089 17.765429 -3.579677
92 12.762822 -10.003390 -1.210411
93 22.272538 -0.802857 0.599899
94 0.723762 -1.706688 -10.256027
95 14.877740 1.376346 8.792754
96 6.566706 -19.412720 0.277565
97 -12.182845 1.953946 18.860983
98 -2.400683 7.234042 -7.925195
99 -1.753697 4.328241 -12.839147
100 -5.359019 2.649968 -3.348863
101 4.588910 10.159888 1.498031
102 7.487783 -14.839590 2.617164
103 10.826113 -1.432787 -2.227728
104 5.752329 5.079790 -11.089954
105 12.638355 -3.051964 2.488905
106 1.566293 -17.631834 4.465410
107 20.433692 -3.644543 -9.507269
108 -7.955597 7.285426 -8.668549
109 -9.580460 10.829861 1.708827
110 4.996305 15.827227 1.791322
111 4.166191 22.588924 -11.669346
112 -19.588689 12.787778 6.564186
113 15.022727 -5.869394 -18.668111
114 -0.553857 -11.672738 3.597912
115 8.967402 -8.922516 13.246144
116 5.230119 6.272277 -1.785439
117 -10.155389 5.738997 -3.484694
118 -1.856672 5.818344 6.583780
119 -6.412178 14.332909 8.312207
120 3.847770 9.980326 4.393425
121 3.537400 3.309316 1.688271
122 7.937086 -3.450421 -3.248459
123 -6.935395 4.921293 -10.726342
124 -8.587651 7.533022 -4.082948
125 2.878228 3.585084 -11.936831
126 10.884995 8.810853 8.749377
127 -6.280131 15.394171 -2.234629
128 9.161711 0.834676 -5.514961
129 3.286114 6.940039 3.160586
130 8.368603 0.056682 -12.700336
131 8.892525 7.595668 -1.274487
132 2.276409 9.678225 15.427671
133 -7.626037 6.506329 1.540588
134 7.280479 8.560796 -0.527996
135 12.752687 14.835535 -4.478643
136 9.769738 10.450744 -8.791697
137 10.217682 12.372797 12.024447
138 -8.037774 -5.402135 2.668979
139 -0.872433 -20.536096 -25.462267
140 -10.906388 -3.354049 -13.247959
141 3.547094 -1.031320 -3.847649
142 -5.585749 17.771930 6.720511
143 5.699836 1.877784 1.389217
144 9.802810 -6.331626 -2.458620
145 -4.284059 5.064793 -19.724587
146 -1.818113 9.672576 3.198309
147 -12.160572 10.427558 4.801443
148 -4.121421 7.782370 -13.524493
149 -1.237966 3.801819 -3.585554
150 -3.831500 -6.556225 -8.688961
151 -11.475059 7.404720 -6.228778
152 -12.939826 9.876048 18.725436
153 -1.551566 -1.451216 5.931953
154 7.109464 -0.325541 2.792418
155 3.444902 10.582918 6.321982
156 -16.958224 10.979708 2.622878
157 -0.847406 2.925122 -0.760624
158 2.005047 6.824215 14.994537
159 -8.525231 -10.010757 -13.202424
160 -12.092377 0.407519 3.065875
161 9.038224 -7.994699 -11.027965
162 -6.408191 4.787502 -12.030391
163 -10.977620 2.853253 6.934072
164 1.405746 -11.282797 1.658622
165 -2.853032 3.406097 1.320435
166 -10.514190 7.267540 -9.109487
167 -12.830057 5.229477 -11.951521
168 -6.568406 11.093793 -12.729372
169 -2.170740 7.922287 21.605504
170 3.647349 -1.466476 7.823054
171 6.393644 1.096350 -1.136658
172 -4.653258 4.990480 -8.930632
173 -11.979797 13.301617 -9.005588
174 -7.550687 12.873677 -11.406125
175 8.487461 1.081173 1.124336
176 4.136597 -13.718946 -8.508967
177 14.123543 -14.682002 -8.958589
178 -1.019906 -1.842630 -8.473654
179 -3.794998 -17.732603 5.956277
180 17.869641 -2.395473 12.352160
181 13.217416 -1.834587 0.755594
182 3.924651 1.196108 8.316159
183 -4.258745 -19.117354 6.463020
184 -21.056231 4.625734 15.246573
185 -13.053807 4.681727 7.034348
186 -3.475760 15.838903 8.052597
187 8.493687 -1.044424 1.204048
188 -5.962891 11.150186 -0.128582
189 4.575574 8.280143 4.996773
190 7.815995 4.033949 0.125498
191 -4.036996 -9.614920 10.416490
192 -10.908374 4.579371 -6.383976
193 -11.425775 0.040129 -14.089531
194 -7.572870 -16.622378 -10.138422
195 -8.240068 -14.118493 -1.311395
196 -5.901810 2.821326 -2.709276
197 -16.691641 6.262739 -12.949153
198 -2.001004 -2.356804 -16.894872
199 6.096192 2.220909 -11.444859
200 2.246189 6.462200 -17.691411
201 12.244587 11.932750 0.125993
202 9.393515 7.651834 10.625264
203 0.279754 9.639645 1.961431
204 13.529735 -3.963212 -19.218399
205 16.330187 4.978518 -0.320977
206 12.336272 -15.648102 8.615316
207 -11.649008 -10.998487 -12.505483
208 -2.337004 -3.542709 -1.100855
209 -13.276227 -8.589343 0.098829
210 -12.689143 -3.252630 -4.111724
211 -3.785500 2.634783 1.470634
212 5.124080 -7.954540 10.604683
213 1.589224 -5.308232 -5.220236
214 -1.284191 3.994174 -14.344573
215 0.018467 1.649274 -9.180984
216 3.256296 10.764959 -23.833773
217 -0.602298 -5.516877 -1.225829
218 4.284593 -4.188224 16.718990
219 -6.183800 18.218714 11.393914
220 5.679048 -1.950069 4.533968
221 3.775780 1.154417 20.915414
222 -21.445873 2.808055 9.224769
223 -19.854313 11.384848 5.538781
224 -0.107147 3.848645 -1.038527
225 7.911324 8.737747 -6.652376
226 -10.976702 5.157085 9.982643
227 -6.111217 1.522978 9.760972
228 11.627723 3.007570 10.976641
229 19.192150 6.015877 -2.483846
230 -4.873996 5.001322 -10.141939
231 -27.977580 17.000867 1.684924
232 -21.603539 -3.950240 10.315965
233 -14.793327 6.472994 -0.119410
234 -13.133439 12.689664 -12.587762
235 -1.131010 1.095502 12.971018
236 12.292286 -7.337588 10.918446
237 -10.385648 -2.918493 6.754412
238 5.776550 8.148946 8.250435
239 6.684092 3.536035 -2.074005
240 13.934403 -1.628559 -4.698435
241 -9.928491 6.189043 2.985526
242 8.004439 -8.898168 10.308095
243 -8.649150 5.520824 1.828267
244 -18.813575 11.272262 2.983886
245 -4.965653 -10.906181 -0.106168
246 13.381491 6.992627 -17.946896
247 9.135113 9.307862 -13.994004
248 17.926109 13.514899 -2.249408
249 -6.338502 6.144451 29.925813
250 3.250067 -3.860736 15.783900
251 9.208576 13.585157 -2.443146
252 -0.860563 12.455808 -0.187729
253 17.447037 -9.922895 -5.799137
254 6.879194 -12.170022 17.764819
255 -16.080889 -6.481367 21.696668
256 2.539507 -1.827772 7.166599
257 11.424433 -11.429112 -12.798474
258 21.245543 -12.581181 -11.128238
259 2.881438 4.077970 12.781590
260 -2.646924 -7.603590 -13.054197
261 -6.792198 -19.456392 -3.105562
262 -3.072515 -6.474519 -14.700163
263 0.335598 9.084745 -12.145254
264 2.459827 14.214882 7.075907
265 -4.755808 -10.607679 4.271166
266 3.543288 -2.110518 -7.001925
267 -10.295907 14.847311 -1.771835
268 -21.099843 15.600250 -0.503455
269 -13.843156 -1.672156 -4.586374
270 -6.800985 9.361119 -7.098552
271 -1.109191 1.676017 31.519682
272 -3.400755 -8.573463 23.067674
273 -5.498152 -15.962291 -1.476014
274 -2.881016 3.653979 1.490781
275 -6.322255 11.708462 5.514506
276 -1.575173 11.949210 21.987507
277 0.591115 -8.785900 18.179917
278 -24.713766 -6.029005 11.883961
279 -15.293238 2.078816 -2.853264
280 -6.360989 -5.353746 -8.183964
281 -0.794397 -5.601424 2.527095
282 -2.850536 -4.307117 -2.127630
283 -4.471728 1.182127 -12.101632
284 -0.320791 -8.525126 -5.627594
285 5.874974 12.625573 -8.768640
286 16.388839 14.174825 8.592328
287 14.867988 8.650186 -2.023673
288 -0.833105 -3.834068 -15.237973
289 -0.320472 -14.171669 -8.806560
290 2.635485 5.697255 1.843994
291 8.386890 19.319531 -6.492804
292 0.279974 12.553357 -5.307232
293 -1.059423 15.392367 0.690919
294 8.183133 -7.983968 -8.999888
295 14.688704 -14.218827 -6.524032
296 9.584759 -10.988534 -24.144345
297 -2.025511 -21.942652 -9.589303
298 0.267181 -11.625536 -12.355079
299 -11.801323 -8.051042 -9.881370
300 -22.230331 -13.080366 -15.982213
301 -8.609710 7.886148 1.337706
302 -9.369974 2.768154 -15.362290
303 -7.056475 -9.249270 -15.202935
304 -0.629845 3.298945 1.486690
305 -13.311806 8.240232 -10.528793
306 -16.311557 1.749692 -7.306095
307 -0.562812 13.581815 8.326448
308 -19.895806 8.236855 -6.104666
309 -15.296241 3.938756 -15.179715
310 -9.184948 -1.879675 -9.054517
311 -3.728553 11.913180 1.435931
312 -18.663504 -0.015092 -7.146314
313 -7.200500 14.898638 -3.944805
314 -8.083258 27.410111 4.578253
315 -7.226311 2.086858 -13.170357
316 4.951123 -5.818114 8.384500
317 18.368243 -1.065309 -5.841409
318 -6.548396 -10.645140 -9.610484
319 -26.381185 11.681176 -0.960264
320 0.741660 -9.530725 -5.805646
321 5.654736 -15.010074 -14.175389
322 -5.793038 -22.480695 -7.714693
323 -14.143943 -6.856377 -5.546642
324 -13.302075 -14.696286 0.172537
325 -5.094629 -0.984706 1.470738
326 3.392232 5.207716 -12.748778
327 5.724508 -0.397886 -18.753403
328 -12.640485 3.652612 -1.960789
329 -7.212453 4.697928 15.891560
330 4.801790 1.462418 1.865711
331 6.966603 17.050998 3.405237
332 3.369129 -2.432619 -18.053189
333 -1.983633 -18.281755 -28.216599
334 10.795019 -16.490583 -16.123468
335 12.855961 8.416949 -12.113023
336 11.017742 24.946344 2.439321
337 0.008665 -1.873976 4.228824
338 -0.921147 4.665574 -3.452802
339 -9.406375 -0.736215 -17.889267
340 7.784327 13.071393 -20.194327
341 13.491722 -6.424250 -7.137090
342 -1.554080 -9.972417 -6.043404
343 5.612554 6.444821 -0.946950
344 12.872103 15.740901 2.240165
345 -15.608357 0.343011 3.865025
346 -10.415031 11.938621 -7.049168
347 13.715484 1.241403 4.399434
348 24.625555 -5.342463 -7.390663
349 5.831912 -4.275098 -1.736732
350 -16.836368 11.084993 -1.193363
351 -12.884167 -4.870558 -2.525885
352 2.573149 2.583083 -8.459275
353 11.319472 -0.970819 -8.338046
354 -7.240660 -6.206096 -7.561827
355 2.370918 -24.526677 -0.338345
356 8.689403 -11.951816 -1.075931
357 0.416763 4.906691 -9.086286
358 -15.299011 8.092895 9.463204
359 -14.356153 2.912538 -0.071660
360 0.560406 9.716703 4.620343
361 -5.568552 3.687147 2.991680
362 2.217912 1.283418 11.051667
363 -5.203812 -8.963064 -0.190706
364 -14.256453 -6.397220 -10.692481
365 -12.061065 -4.369231 -16.813896
366 -12.624839 -2.162119 -14.009108
367 -1.356358 -0.503393 9.416715
368 17.321287 8.328869 14.518744
369 1.763505 2.589671 -1.570575
370 -6.896059 -1.974935 11.864589
371 -5.821023 -5.293598 1.002009
372 -4.577837 -20.300150 5.003235
373 -3.614974 -17.607027 -11.299458
374 -13.410655 12.732022 -12.556474
375 -10.987092 10.749167 -1.312307
376 -13.155234 -3.379869 -2.156005
377 -0.310547 17.957214 -5.465860
378 -9.428716 18.713836 -0.419161
379 11.054866 4.892537 1.980269
380 -0.238019 0.991396 -6.718244
381 -1.285111 -6.483632 -8.584034
382 6.025060 11.609603 -10.542825
383 12.547403 0.447210 -5.415252
384 -10.026345 21.594816 8.793368
385 6.650175 -0.422277 -8.421302
386 7.601755 14.339979 -6.218056
387 -11.210805 -4.758824 0.771507
388 -4.055947 -3.464709 -3.538418
389 -12.016065 14.781954 0.909365
390 -13.372778 12.706654 6.633737
391 17.572763 5.018418 9.211501
392 15.276986 9.872335 -16.408031
393 -1.138509 7.893451 -8.596806
394 -9.941725 11.108375 -6.917989
395 -1.670740 2.155955 2.637564
396 -31.091941 -0.555154 -6.803375
397 -11.076805 2.998423 -22.410204
398 2.514284 9.506228 -21.469129
399 -8.383363 6.082144 -9.138773
400 3.958056 -2.582056 -10.980260
401 -5.738102 8.309769 -1.521693
402 -9.053131 -14.752615 -4.607762
403 -5.886174 -2.821978 0.331196
404 -6.707698 16.068356 13.625446
405 -8.927405 5.465704 20.474514
406 -4.069653 -4.920194 22.268967
407 12.987729 -5.738107 1.635244
408 -1.259548 -6.729298 -16.561884
409 -10.747178 -4.448335 -6.403988
410 9.109772 8.835106 6.717984
411 4.738408 -3.612541 14.434503
412 -7.056783 6.380715 -5.152954
413 3.813877 0.487601 -2.147509
414 -6.983653 20.208309 -10.906340
415 -5.631080 11.308775 -0.954870
416 -1.955214 0.048445 -8.276867
417 1.125317 0.481506 -4.488195
418 -13.343534 -0.940912 -2.242145
419 -8.448601 -9.043378 -0.748026
420 -1.753095 -8.008466 -2.061989
421 2.234123 -7.414714 -21.093692
422 2.894809 -6.404901 -9.229223
423 2.265167 -9.350884 2.409406
424 -2.708239 -8.352740 7.096969
425 4.246528 -22.072257 -2.848313
426 -10.501931 -8.339059 -4.105880
427 6.379201 -4.470231 -4.441891
428 5.428486 -12.153341 -7.411119
429 -0.634634 1.846880 -16.663034
430 -5.907905 11.324697 -11.035941
431 0.879761 -1.535663 3.912883
432 -15.443772 -4.752634 5.496067
433 -2.457618 3.050043 16.146434
434 -14.168243 9.259991 1.858981
435 5.418925 7.082109 12.854218
436 7.952440 -10.173965 -1.617691
437 13.031277 -1.903690 -4.174170
438 7.561094 -17.009790 -12.597779
439 -7.522082 -21.162812 21.269594
440 14.552316 -5.282267 8.027586
441 13.047849 8.511894 6.012247
442 9.519991 18.648107 -1.517517
443 10.897045 9.437553 -10.501432
444 -0.829422 -3.172959 -12.088508
445 -13.491298 1.113190 -16.651586
446 -13.078996 -2.931854 -12.231982
447 -17.014669 -3.443470 -9.486528
448 -20.015242 17.007845 6.844327
449 -19.088211 6.178204 9.128133
450 2.011506 -4.307480 -8.029441
451 -3.605296 -14.291374 -6.049927
452 -3.163586 3.281595 -2.550379
453 3.037171 -12.686754 9.629514
454 -8.974651 13.290411 7.861454
455 0.958537 9.479133 0.996522
456 -1.216303 15.892817 2.769417
457 1.594929 14.142831 -1.667576
458 -3.525015 8.100900 -3.937566
459 -2.004090 8.778243 -7.553442
460 -1.727659 -0.906802 8.442278
461 -15.385333 7.053929 -9.459780
462 -8.862699 15.962537 -14.563706
463 -2.776165 2.903288 -6.097950
464 1.792251 1.533944 -1.264381
465 13.447752 7.600960 10.334196
466 -9.364236 8.444504 3.209285
467 0.131935 -6.258875 19.687215
468 22.251645 -1.348121 -8.978187
469 -5.825711 6.157199 -8.350294
470 17.601420 -8.259517 8.651356
471 -4.637903 16.287935 6.165032
472 -3.555194 -2.654793 1.863048
473 -0.431958 -12.055201 -11.459041
474 -4.942221 -8.175068 -1.310337
475 -9.892710 5.941067 1.757220
476 -13.108479 13.865714 -4.691762
477 -2.619449 -9.520504 0.256147
478 -2.874369 -19.730182 -18.305175
479 -9.054823 -17.298292 -19.549838
480 -3.628557 -7.638224 3.243783
481 -15.187032 13.710331 -0.857165
482 -9.615307 4.627728 2.295155
483 6.892594 0.389661 6.281359
484 6.373329 21.579851 7.329623
485 -10.092244 1.862868 -5.862995
486 2.793181 -8.899105 20.144782
487 0.671960 -3.422206 6.506063
488 2.133717 -1.957571 -18.957179
489 2.673163 -3.224541 -6.101488
490 10.652770 -15.714349 6.378433
491 7.601121 -3.000098 3.580620
492 -5.634708 -3.049985 -1.533580
493 -14.449145 -4.753355 4.237936
494 4.975615 -13.489248 16.044571
495 -18.704277 -10.665081 14.039385
496 -4.126202 -8.829730 7.869423
497 -7.927866 -8.183300 -15.844722
498 -5.913699 10.231469 -1.284886
499 -9.126766 9.039656 -0.177378
500 -10.074831 1.059949 -4.264309
501 2.563821 14.197437 -5.110229
502 -6.300549 4.337774 -8.473320
503 -9.040591 4.690169 -15.958826
504 -8.569777 -8.406547 -16.691647
505 -1.912190 2.587990 0.120568
506 1.532991 11.982228 1.398204
507 6.605703 -0.248147 -13.414228
508 13.459198 -11.668464 -3.545762
509 -1.333781 3.248938 -0.024159
510 -13.845975 -2.688354 2.328460
511 2.022946 -10.273311 -5.377219
512 -1.363247 -8.757860 -2.585075
513 3.382070 -14.587718 -10.913004
514 -8.278048 -20.117026 0.433054
515 -7.776461 0.114910 -8.897935
516 -21.394744 -10.018562 6.913740
517 10.510749 7.696347 3.298257
518 -11.529057 6.570558 4.801236
519 -2.257457 15.261123 -2.107411
520 20.278762 9.966814 -9.789299
521 6.340928 -6.279255 1.545466
522 -7.419200 -2.943263 1.061794
523 5.691252 4.064667 2.306903
524 7.362111 2.903904 10.249159
525 -10.932152 4.574493 -13.645349
526 -13.406042 -11.805710 -20.736974
527 -2.596363 -2.065475 -2.753335
528 5.778077 5.360034 0.826187
529 10.914170 -12.863697 -1.866763
530 -11.926963 -17.853777 20.191925
531 8.544834 -11.055855 -5.014979
532 0.456173 6.179732 6.699641
533 -2.054062 -15.211405 -1.264279
534 -2.634716 -3.357622 -0.173736
535 9.990949 -8.990282 0.249097
536 4.925584 -6.790318 17.623874
537 8.049572 -8.228138 4.237727
538 1.891297 -2.469892 -3.550319
539 -1.196398 4.147317 3.455038
540 -4.480724 -10.881785 5.499402
541 3.714658 -9.060682 -15.039374
542 6.768204 -2.380692 -9.589308
543 3.704595 5.821483 -21.065427
544 5.687287 15.942083 -17.593676
545 -7.022871 -2.344796 -12.245884
546 0.681584 -1.269101 10.443479
547 2.019603 -1.010348 -2.518315
548 -4.987780 -14.639702 -20.921000
549 -3.440037 -13.009026 -12.713602
550 -18.394361 -3.008146 5.766349
551 -1.991321 -0.673586 14.972448
552 4.236007 -9.946995 3.840496
553 1.830022 -16.724401 10.128819
554 1.983653 -15.672764 11.608330
555 11.093900 0.698496 10.514371
556 -6.471494 10.973059 -13.909361
557 -3.785267 -4.396021 8.555774
558 7.508043 0.064023 11.884862
559 8.255683 -17.241766 10.892655
560 15.186858 -10.257243 3.263239
561 12.141884 5.031195 -3.180039
562 -12.137378 2.855153 13.174299
563 5.511117 7.323144 10.921875
564 -0.196504 17.885661 1.445110
565 2.963496 0.151393 -4.310760
566 1.080000 -1.423667 -2.482146
567 -1.588449 9.346246 4.788080
568 -0.391269 1.128888 14.360736
569 -7.292575 18.221470 -4.359075
570 1.525053 11.226055 7.286508
571 6.772804 5.195494 3.182563
572 -10.888703 -17.361595 1.239335
573 2.108657 9.446487 -5.580537
574 -0.223362 1.195875 -7.019252
575 3.459023 5.222635 4.866300
576 -0.315852 3.190902 5.916075
577 3.802180 3.493437 8.299987
578 -1.142307 -0.724880 1.801783
579 -6.822165 -4.046941 1.475212
580 0.101533 -10.033539 -3.837506
581 15.283580 -2.257301 -0.873005
582 0.187966 7.805490 -9.449917
583 -6.031138 -0.951863 -8.386838
584 3.061310 0.576287 -13.944452
585 -12.089819 3.761468 -4.588770
586 -11.193212 -0.451169 4.802364
587 -5.487270 3.920694 -12.079687
588 -6.906301 -1.796829 -6.296153
589 4.188657 12.266454 12.016413
590 -1.337670 1.422643 17.180164
591 4.563677 19.475328 5.782220
592 14.558057 13.983000 1.796013
593 6.288466 -5.632917 9.127801
594 3.165496 -4.536522 2.197987
595 8.288142 -1.100746 -5.081983
596 -0.296640 -3.814401 -0.097453
597 17.535882 -10.818912 -7.984828
598 -4.516756 4.259335 4.960666
599 26.431906 2.240438 -0.772212
600 31.943555 -5.844152 -6.279970
601 11.337144 4.209671 10.278192
602 2.826086 -10.762815 5.054571
603 2.439616 -0.342756 -10.209517
604 -4.362709 6.890624 -9.703158
605 -11.074949 5.264885 -1.262561
606 -4.266118 19.507557 -1.609149
607 2.530142 13.191676 -13.245348
608 -12.339647 14.636225 12.781981
609 -9.424526 -13.437476 -5.609192
610 -8.770778 -15.433862 -13.719644
611 2.728117 -15.500544 -8.297856
612 -11.259635 10.404956 4.805847
613 -20.009571 7.553208 3.341138
614 -22.052072 7.255013 -4.306074
615 -3.531501 6.078928 9.918781
616 13.186922 -4.128378 -3.123561
617 11.722647 -3.177465 15.300998
618 -15.874777 3.205522 1.212690
619 -17.940717 -0.512503 9.245455
620 5.779583 7.020914 18.415246
621 13.250182 -16.807959 -9.992298
622 3.802161 -2.617046 -17.592879
623 -5.709432 -16.862413 -1.744087
624 -8.319254 -6.431130 -1.271239
625 -0.032273 5.665188 -0.196829
626 -7.036235 3.141945 -9.346489
627 -1.536602 5.867439 -0.299847
628 2.849337 10.696119 1.030466
629 5.874693 4.681462 -3.238579
630 20.908110 14.550739 -7.333956
631 5.484287 11.716448 3.553596
632 5.667860 4.341099 0.880955
633 7.910137 6.541028 3.547907
634 -3.097077 16.478047 5.162121
635 -10.496464 0.639117 6.841047
636 -6.978009 -2.814216 -1.520525
637 5.522391 8.867554 -10.093525
638 8.404613 -16.883692 -1.658534
639 8.610068 -12.134292 7.464441
640 0.496257 -0.126337 2.203195
641 -4.846925 -1.059946 2.454312
642 -6.414964 3.861805 -0.737963
643 -1.372719 1.610782 -7.802200
644 19.448222 -8.535184 -5.052632
645 -3.455881 -10.201432 -1.201192
646 -4.735033 10.580770 -15.249801
647 -3.486121 14.325660 2.779210
648 -16.770361 16.023480 4.505927
649 -13.379663 0.699900 -14.042502
650 -8.513879 -8.257154 -19.961287
651 5.481812 -8.782152 -15.798639
652 8.364252 -1.611713 -3.160937
653 1.574450 -3.939424 5.361822
654 -4.786039 -8.079947 2.508095
655 -3.802803 2.558529 3.350102
656 -12.074453 -0.493530 -6.002254
657 -7.435449 0.307936 5.646406
658 -5.163906 -13.743292 -7.028325
659 2.072768 12.646011 -2.398668
660 10.202939 6.649400 -5.770274
661 -9.871514 2.837476 0.002828
662 2.452323 8.413708 -9.301700
663 3.089474 -5.759922 -3.320704
664 5.485701 5.665175 -1.296132
665 6.029584 0.132830 -5.635363
666 19.565413 -8.803241 -7.164974
667 6.315682 10.100620 4.075245
668 5.784455 0.764996 -2.721982
669 1.904269 -17.922039 -7.413852
670 2.774500 -20.584984 4.267568
671 3.590244 -0.435214 5.244103
672 -8.855303 -18.230419 20.269410
673 12.197018 -15.086358 10.111455
674 -2.811458 -6.847233 -5.285731
675 -7.456464 6.862852 9.871040
676 8.273417 0.080882 -3.467235
677 22.579038 7.061131 -6.901212
678 -3.282046 2.570739 8.212591
679 -12.380051 0.788224 13.510662
680 -9.549235 -2.903302 8.750884
681 2.613149 3.243613 3.019357
682 2.237322 12.915478 7.464687
683 3.245533 1.971071 -0.834200
684 3.853699 -0.338240 9.464049
685 -6.047164 -5.697226 9.125759
686 -6.649442 1.423448 4.301361
687 -3.102597 4.270221 4.991935
688 3.051836 -2.231175 -11.300669
689 10.952868 7.457246 4.499785
690 1.737145 1.632447 4.658470
691 -5.489115 -3.989335 -7.366774
692 2.200825 23.315289 20.037290
693 -2.337401 3.353618 -0.385385
694 12.106865 -7.217756 -9.803464
695 3.465760 -4.562988 4.061001
696 -9.653467 3.773822 9.066250
697 -5.920903 -9.426324 -7.082162
698 -17.868409 -11.588492 -23.238488
699 -2.586212 -18.192927 5.788085
700 -0.067255 -18.281801 1.974004
701 -20.930353 -6.367531 22.943234
702 -19.904300 1.663157 -1.711172
703 -1.770528 8.477143 -3.877327
704 -11.840443 8.917594 -11.496484
705 10.305237 -4.704814 -3.974343
706 -7.299993 13.580061 9.062070
707 -17.309940 21.299765 7.492851
708 -2.017257 14.609148 -7.931158
709 -5.463523 4.257146 -5.745290
710 -4.638647 -9.643588 1.175975
711 12.258634 3.321558 -2.943318
712 8.583144 4.127945 -8.714682
713 -6.033888 -21.285185 -8.725695
714 -4.662599 0.738707 0.175998
715 -9.408001 16.847670 1.240450
716 -2.955660 -6.976144 15.553812
717 10.734844 -3.569039 -6.547893
718 -0.027873 -3.893148 -17.987506
719 20.711931 5.672046 1.031709
720 21.776444 6.160114 2.903323
721 -6.337735 -5.335970 1.996642
722 -16.288875 -12.543801 -5.557972
723 0.687771 -6.087576 -2.962693
724 10.198824 16.439540 0.324720
725 7.918168 6.601626 -1.232361
726 9.857076 3.987864 -1.806593
727 -3.521795 -2.111945 11.962837
728 -11.949145 -12.627997 15.807967
729 4.594003 -9.403787 13.976491
730 -3.914239 -10.979857 12.075278
731 -0.934555 3.842984 16.372521
732 1.009115 14.131671 -2.383837
733 4.225558 -3.501871 -6.144133
734 2.918240 -19.541710 3.804712
735 5.348366 -21.225635 -3.442924
736 1.712078 -15.218766 -3.619887
737 -4.626501 3.484251 -5.732527
738 0.755158 -16.230093 -6.672258
739 1.282463 -18.484286 -10.407153
740 -4.027334 1.404084 -17.327829
741 2.679360 7.204836 -22.021912
742 -0.680452 -12.087376 -6.109947
743 -4.545203 -1.134184 0.929367
744 -14.615387 25.513404 -5.810475
745 -5.187159 -13.638902 -22.808498
746 -0.894509 -5.804691 -15.332651
747 0.222724 -7.091517 -16.879305
748 -0.327156 -7.708368 3.434627
749 11.764559 4.225642 3.006998
750 10.296772 13.919634 -8.190194
751 -1.261173 1.089463 -8.209060
752 2.982263 14.540967 -6.780561
753 13.304805 3.103561 -12.776250
754 5.388675 -6.731517 -0.622061
755 10.014392 -16.002850 -3.960686
756 2.617794 2.116104 -10.780377
757 -4.194862 12.784646 -14.107197
758 -0.032854 1.602275 0.337648
759 -2.964175 6.953841 4.451049
760 0.555400 5.276895 17.105946
761 -0.476465 5.489063 30.307859
762 10.084789 -14.618580 -1.203685
763 -3.231580 -4.052131 -1.883567
764 3.968961 6.285406 1.707520
765 8.298548 -7.658325 -3.770795
766 18.381095 -20.082391 6.463895
767 10.783668 -5.492590 -5.563311
768 17.309808 -3.938261 -6.270466
769 5.103570 5.417001 -4.891070
770 -3.260652 4.691970 15.402359
771 -3.825817 -19.406589 18.319262
772 11.079657 1.377756 7.064077
773 -0.208357 0.553461 -0.308735
774 0.747357 -8.157203 -8.288452
775 10.902143 4.822969 -17.629686
776 -2.336380 -3.166524 -14.134761
777 2.360806 -6.282714 -1.366092
778 -8.461025 7.753876 8.764744
779 -5.432382 -11.048272 5.949189
780 -1.231131 -11.795218 12.014781
781 0.875993 -14.518008 -12.024946
782 -12.747697 -8.747064 -11.312555
783 -11.441030 -0.491711 1.810112
784 -0.670163 1.896706 2.909919
785 -0.768719 2.436544 -0.598242
786 -19.320932 -6.022776 -3.809455
787 5.376774 -4.587529 -14.307097
788 6.467131 4.136115 1.460032
789 11.298918 -6.215120 9.010900
790 -0.044653 8.003440 -12.655740
791 0.400556 -5.978870 -8.445378
792 -24.134830 5.875180 -5.103126
793 -10.471844 5.466106 -5.419387
794 -4.275452 0.425115 -4.411791
795 -1.912399 -11.130698 1.881783
796 6.249006 -4.191495 1.165686
797 -0.189603 5.890470 -6.962662
798 -6.543481 7.552625 -2.056659
799 -1.911830 4.167046 -2.328625
800 -11.185433 -0.800524 -3.038371
801 -4.980220 2.742129 -6.153505
802 -3.062280 0.026089 -16.757800
803 -5.272867 4.594665 -9.459933
804 10.001870 -12.263364 -14.085327
805 5.053862 -1.004412 -13.423356
806 6.563446 -4.168103 0.001222
807 -9.918867 8.019530 12.090367
808 4.849710 24.147169 16.358364
809 3.619839 9.121548 10.565032
810 -10.161090 1.496607 -10.694426
811 -15.597904 -18.544844 -23.345307
812 -5.165289 -29.343552 3.959951
813 -5.765258 -13.296750 -0.553059
814 -0.751960 1.815634 0.357072
815 9.771790 0.983234 -23.506634
816 -12.978209 14.612516 -14.770029
817 -4.840281 4.926739 -11.225434
818 -2.953344 -9.663628 -4.263544
819 -0.992340 -3.971404 -1.462351
820 -0.284059 0.907469 6.529225
821 -7.217566 -10.027498 -3.828647
822 -1.572205 -9.613712 -5.020637
823 10.574764 -11.008466 2.080130
824 9.570685 -8.787002 -8.176541
825 11.590282 5.646291 -4.244279
826 10.011722 -25.015426 -12.219831
827 -5.201526 -4.577997 -1.586931
828 -13.619815 -5.398275 8.815420
829 -0.372685 -2.613812 4.060116
830 2.322697 -5.741161 -0.485815
831 5.519924 -8.698462 16.329909
832 19.763095 -1.040965 11.279990
833 4.714576 -16.356865 5.153001
834 -13.960370 -26.065312 7.681521
835 -7.447251 -1.141555 -0.582494
836 1.612807 -17.915339 1.863124
837 24.120640 -15.035170 -8.786937
838 1.074940 -14.992483 -26.627775
839 0.952093 0.611244 -12.847903
840 5.162505 5.858158 -11.209439
841 -12.855199 -17.404773 12.611319
842 -10.776835 -6.177119 17.789147
843 -14.892605 2.474072 8.437314
844 -17.564197 -9.052585 -2.723041
845 -15.496235 -1.710574 -16.481148
846 10.580124 26.686374 -11.276874
847 1.613145 26.951762 5.996659
848 10.966090 10.668819 12.873690
849 -1.668445 -14.662324 -8.690575
850 -13.030066 12.927721 -1.380181
851 0.045694 14.329983 -14.224552
852 11.668310 4.881145 20.331749
853 2.072077 -4.075943 3.733497
854 -6.560482 -5.687484 16.690956
855 -10.210630 -2.824254 2.559252
856 -8.735178 -2.595318 -1.420327
857 -8.477150 -1.361970 -3.646612
858 11.674912 22.565714 8.566083
859 14.070077 11.390960 18.521001
860 2.587165 16.662931 10.145700
861 4.302497 -4.220385 1.126607
862 -6.111230 -13.876733 6.253869
863 -2.233625 -4.799387 -7.537637
864 -6.414842 1.939879 0.321114
865 10.128240 -6.175663 -3.035881
866 20.685332 -7.147007 -13.904198
867 10.801880 -9.397813 -11.945114
868 -0.834647 4.826748 -2.454304
869 -2.145140 2.322623 2.729710
870 -0.014419 1.737199 7.551058
871 -7.149655 4.946958 18.725741
872 -9.307047 3.454771 -5.937272
873 -5.916021 -1.814914 -7.646578
874 13.487694 -11.411014 5.030309
875 1.248486 5.322204 -4.139755
876 -13.977524 3.664736 -12.435629
877 8.974768 8.368640 24.388765
878 -7.746877 -6.168896 12.878278
879 -0.009002 -7.139046 15.612487
880 1.680458 5.952847 14.022333
881 2.099945 12.789385 24.935644
882 -13.863363 13.381958 12.087672
883 -0.768208 -2.155587 7.977406
884 -7.278132 7.495216 -1.890155
885 -6.595570 -13.342245 6.923227
886 7.551693 12.204914 3.258285
887 3.567245 4.408765 -9.112631
888 21.894151 -6.268143 8.138077
889 3.425891 -11.263503 5.324838
890 -5.749973 -15.473855 -17.007979
891 6.397460 3.709612 -9.486368
892 18.971902 -3.502747 -17.372062
893 10.762355 25.561748 3.528567
894 0.195464 16.259001 -1.354335
895 12.502654 18.282419 -11.510608
896 6.416058 -3.265995 -7.924599
897 4.782289 -16.314602 -15.560939
898 -1.697540 13.180159 -4.417080
899 13.489977 0.945876 -18.001262
900 -11.891492 -1.649396 -20.277794
901 -9.281869 4.704195 -8.611538
902 -14.634398 14.104668 -15.029823
903 -4.549028 5.850425 -2.069574
904 1.875739 -1.642493 -6.007376
905 -10.301710 -2.146282 -16.760314
906 2.400459 -7.333253 -0.526286
907 8.614564 -7.201402 -9.339355
908 -9.500139 1.495825 20.425335
909 -14.395282 -4.466295 5.588945
910 -3.752470 0.095568 0.509955
911 -15.058520 -5.269447 13.041829
912 -7.883609 -2.423909 12.021119
913 -6.366872 11.024841 6.060419
914 -12.822065 -1.852387 -0.812330
915 -5.164632 -12.535531 0.435008
916 3.646355 -3.220480 -22.151904
917 -4.383055 10.238466 -8.061902
918 4.927124 2.733353 5.045845
919 -5.500112 9.769494 4.227913
920 -10.047773 8.673443 3.278609
921 -1.213134 3.861358 18.867654
922 1.136788 0.889236 14.967944
923 10.210653 -2.395339 -4.545514
924 3.622903 9.389590 1.332995
925 -19.693108 -8.203274 4.350660
926 -7.959092 -8.928992 -5.437135
927 -1.620462 -5.209322 0.195954
928 -3.389626 -2.983567 22.481432
929 -7.907160 -3.286242 -2.940907
930 -10.612690 -13.196286 -14.464644
931 -5.268900 -4.044598 -16.071394
932 7.737102 14.170158 18.405862
933 -8.548339 1.627218 13.501871
934 8.217936 -11.930662 1.692160
935 8.415015 -4.316495 4.719093
936 13.908730 3.642849 5.472436
937 7.962858 21.617250 -9.080300
938 -8.226292 25.040211 -9.543326
939 7.885401 9.558037 -11.189999
940 4.027459 -12.443082 4.195945
941 -10.532084 -10.925416 3.652768
942 -9.201587 -0.221044 6.907444
943 8.800886 -1.256263 8.270320
944 0.594343 10.457566 -5.087817
945 -18.394106 12.254205 0.004972
946 -4.353566 8.391700 -3.642392
947 15.694772 0.756583 12.521595
948 -17.947450 -4.923426 0.006565
949 6.835767 -2.228275 -13.916007
950 1.632881 -8.694287 0.195382
951 1.784344 2.429994 2.051020
952 -8.610019 -9.502563 8.766512
953 12.089359 -17.367820 13.115183
954 14.397938 -2.286016 -14.587576
955 0.554997 13.667038 11.694863
956 -3.725122 9.983938 6.678972
957 -8.139558 1.753155 7.131557
958 -4.791666 -8.342662 -14.419491
959 -1.237420 16.390292 -11.109030
960 -5.903012 -0.910404 -5.002588
961 4.820878 13.368817 5.404812
962 10.820654 -8.463853 -7.605884
963 16.636169 3.570175 2.518717
964 5.344674 7.685949 -7.867430
965 18.465201 -9.977451 2.858923
966 18.398033 11.043386 -2.010119
967 2.690712 17.924824 -2.862483
968 -7.760442 7.300406 -15.309066
969 4.733848 4.100388 1.072022
970 -16.489524 6.105199 7.566083
971 -2.301152 -2.483858 9.884861
972 0.662246 12.461520 16.059615
973 -7.245521 2.955557 -0.248914
974 -30.157631 13.465413 -8.920626
975 -10.422571 20.700902 -1.106660
976 1.688658 12.922288 -7.219860
977 7.911575 1.643546 -1.276464
978 9.445636 12.932492 6.105477
979 -4.216397 -2.269756 9.175118
980 9.010762 9.392941 -0.097747
981 4.105343 2.069325 -1.209026
982 18.095330 -8.737370 -3.123866
983 14.564835 5.657328 8.881704
984 4.343701 0.349813 21.036794
985 10.028931 -2.355956 -16.200194
986 -11.826164 -5.868779 -12.583971
987 -14.530865 0.716309 13.189746
988 -15.519257 0.094257 7.645358
989 -3.293292 -4.478300 2.342297
990 16.646122 1.980467 -8.788611
991 -0.801071 3.902973 14.805081
992 3.706046 2.177198 -3.809199
993 -0.754077 5.785028 -13.244762
994 2.623638 3.157079 5.151587
995 3.550302 -4.734824 -1.701454
996 -11.462975 -2.918059 -6.122156
997 5.036247 1.921908 1.404824
998 2.714595 -4.366194 2.917539
999 -1.741073 4.466354 -4.346757
1000 -5.640696 2.078388 -15.844136
