1 313.259906 48.850128 49.917595
2 569.788306 121.531892 47.896793
3 289.930203 476.081456 56.299440
4 33.959082 196.408066 232.954954
5 123.050984 56.341092 320.298748
6 337.762854 91.705481 390.694234
7 114.665453 223.584703 259.084171
8 491.473440 180.052162 104.627617
9 115.097538 155.298496 259.810299
10 69.599327 241.541452 454.883271
11 108.980756 130.797579 164.738778
12 167.958182 153.767045 75.241011
13 58.774717 492.305217 418.916643
14 745.840198 72.631917 173.815968
15 162.107938 112.909181 120.631297
16 347.040477 38.392373 119.677761
17 27.500544 123.445660 115.004443
18 200.364488 35.738338 133.144652
19 230.275978 85.700177 407.827286
20 92.366318 70.934141 64.539509
21 333.579235 181.981895 154.885511
22 112.290890 453.713500 224.961727
23 38.989282 262.264027 114.109778
24 63.803063 57.314016 237.937519
25 438.007203 661.621735 226.691459
26 631.333877 242.502342 179.294593
27 75.509744 107.316217 276.255209
28 63.792307 425.022637 64.355298
29 170.804447 662.832898 44.559912
30 67.134217 142.562496 81.168730
31 83.954196 147.942368 224.495710
32 223.821447 68.779472 29.488097
33 347.748196 98.571923 56.343941
34 39.787698 91.024652 81.590705
35 119.924297 51.586458 38.108156
36 115.757865 289.518516 178.191767
37 33.567252 93.088226 348.499657
38 201.344851 138.136650 46.312216
39 255.462313 269.381846 176.731624
40 697.172979 610.582180 143.862885
41 419.647404 314.392444 52.406018
42 257.106699 93.913063 54.023278
43 179.190622 204.098495 53.021352
44 83.923511 65.639485 68.571001
45 109.013802 106.995067 85.777623
46 318.917705 34.498680 95.065273
47 119.372754 51.345495 47.133697
48 142.487813 173.448265 101.838472
49 588.336019 469.431226 460.989610
50 588.822224 198.625093 279.751382
51 57.121997 478.592384 432.560336
52 110.944659 71.897942 152.553706
53 93.565253 52.806804 190.287150
54 55.613781 50.238251 116.767441
55 53.714778 77.636041 152.155398
56 53.640492 112.021158 326.937936
57 1146.042297 255.225966 175.335363
58 670.694843 288.207422 90.675822
59 548.826244 240.252625 70.528795
60 351.997447 618.960628 176.322011
61 64.256713 41.852648 745.130298
62 143.620134 65.875525 121.338678
63 280.593130 53.339554 176.883853
64 219.520112 78.171214 99.840436
65 66.333095 341.871932 154.396421
66 24.411954 106.911096 126.720979
67 57.017943 305.226312 133.554733
68 194.648959 57.265687 106.355090
69 477.130780 234.260404 117.443776
70 22.030764 91.982425 198.579675
71 64.224139 271.467593 96.340460
72 73.886233 266.717780 517.979386
73 149.177327 32.356100 160.321106
74 72.897708 233.094911 96.018718
75 183.576238 180.937188 70.531891
76 119.046517 156.674455 234.286631
77 261.985062 761.578212 268.767917
78 106.806028 178.416108 67.620586
79 84.881871 53.509867 87.682406
80 296.713805 85.437559 210.606705
81 44.474711 85.668543 93.517053
82 158.342973 69.977212 141.659091
83 124.724977 72.257972 178.731105
84 89.782126 214.542180 88.563500
85 33.798577 150.008093 133.724226
86 459.694384 144.731699 284.128376
87 175.638144 50.552894 327.023755
88 230.394248 295.917862 85.900935
89 130.580607 310.080210 272.448695
90 140.855555 141.428812 81.030065
91 214.715993 93.175445 94.104985
92 231.143002 149.427330 139.701693
93 127.289108 97.862851 53.611212
94 52.849809 154.466060 131.229159
95 81.381918 43.727330 359.270739
96 73.377617 132.165554 56.438497
97 256.865293 229.565550 277.233634
98 112.499495 411.515287 133.582089
99 152.599826 77.053205 44.207136
100 97.248971 363.222861 130.893884
101 40.589719 175.827587 272.800737
102 75.198948 52.757568 198.757460
103 39.567684 75.266058 223.551905
104 328.844022 169.837441 64.888209
105 276.656812 104.801947 623.934866
106 418.619973 108.492669 95.466203
107 214.962204 75.680062 79.687187
108 109.495205 130.832146 373.722412
109 128.426944 34.402583 81.942757
110 165.635135 137.168432 25.308904
111 59.535967 123.943286 162.819543
112 22.896613 610.522678 128.705119
113 185.588240 433.782813 27.119760
114 342.150421 71.551901 37.370256
115 377.478325 73.699214 70.950797
116 94.889906 82.049041 120.441973
117 45.358438 274.154492 145.100589
118 294.525638 292.784367 86.029652
119 109.398988 136.340779 44.078615
120 64.037216 155.657249 209.494624
121 89.216381 347.482241 119.588388
122 183.584767 137.134008 144.342726
123 104.045482 269.184110 115.269271
124 67.369185 294.566179 221.542378
125 446.436411 62.887057 238.459590
126 26.751706 70.209827 66.914548
127 135.262588 78.765184 40.366512
128 299.345699 77.219308 93.107701
129 192.256352 268.637261 209.364682
130 137.131453 115.002915 128.382798
131 320.539962 106.337164 69.132525
132 121.524609 125.282848 113.176444
133 381.642730 74.118051 47.213129
134 316.055019 54.238449 65.232537
135 224.789130 65.768056 188.210066
136 135.599146 52.350047 21.870949
137 91.151761 44.816300 101.589088
138 96.359419 45.665859 117.271808
139 89.210803 297.454640 88.430158
140 58.063509 120.815124 353.111596
141 35.534497 170.732968 335.580768
142 100.274717 371.344771 393.388210
143 88.602186 35.485231 233.339081
144 154.987283 90.829818 211.968847
145 102.556059 41.911815 65.579031
146 59.101570 97.224764 201.797530
147 412.283312 123.939836 68.909976
148 160.182355 191.098031 241.927544
149 105.551310 154.511295 113.372217
150 220.073662 96.747176 711.462618
151 146.816102 241.312916 66.634309
152 99.847022 193.540854 47.370331
153 64.720809 243.803346 415.944934
154 26.348582 44.599964 234.199343
155 198.173234 82.404029 525.005594
156 83.707924 288.671862 209.194710
157 181.348927 102.918479 73.490949
158 81.658020 63.553518 52.733341
159 167.180047 203.237082 91.000064
160 559.205368 97.792297 483.101405
161 149.276232 71.659685 22.111695
162 619.419391 302.923299 50.558049
163 78.688862 77.985252 175.607629
164 148.800864 289.084986 63.804304
165 168.035107 383.717506 35.938168
166 88.608099 151.120206 311.672960
167 40.038662 162.913825 80.033798
168 22.057591 130.811705 270.890606
169 43.513692 114.044728 38.178692
170 59.971664 41.105493 448.414716
171 52.919582 114.751386 119.396866
172 47.579513 58.049106 185.720078
173 146.864113 159.613033 163.934631
174 133.193547 95.193272 61.110498
175 46.052401 52.068702 65.091607
176 281.014148 119.349606 77.387868
177 65.423278 17.648512 368.803657
178 94.413573 123.476629 277.485318
179 165.320058 72.279600 464.596086
180 36.848739 192.592543 1131.348439
181 180.411511 91.388948 638.259341
182 329.609347 71.432753 36.682289
183 185.563214 145.680056 58.724371
184 182.108767 284.081273 63.777777
185 352.363179 54.883348 80.530629
186 80.772310 70.288917 34.996497
187 452.664967 87.852506 374.402307
188 560.133558 111.009317 84.785849
189 519.840132 171.054235 72.989069
190 543.939378 141.796807 72.719245
191 324.772547 452.228035 288.301591
192 273.870034 123.939665 115.904860
193 38.754914 334.521626 547.670684
194 157.833029 665.544482 293.314803
195 68.263830 50.792105 22.145692
196 90.280535 145.390532 120.657303
197 288.540632 393.659135 45.822118
198 475.316052 144.535474 122.487660
199 86.991782 41.031020 97.332690
200 67.790728 345.173144 53.643328
201 116.917374 86.674225 85.745992
202 235.037120 110.836737 179.925947
203 465.176106 24.721006 52.018042
204 127.172557 83.578357 114.157295
205 257.162071 61.160182 126.158479
206 116.732312 214.511581 234.390981
207 311.085309 64.810351 61.630058
208 116.342453 205.228607 94.958962
209 211.744780 259.244549 24.647435
210 109.885151 157.360716 148.560154
211 154.458182 48.024309 122.349153
212 184.673025 91.338023 247.425472
213 144.650690 32.066507 349.452689
214 128.083826 199.282855 206.683679
215 336.839417 260.920047 510.173289
216 99.864894 53.597100 196.559275
217 225.473845 333.922789 98.649201
218 45.544184 141.275559 83.038618
219 101.988711 217.532832 128.830629
220 153.019622 85.797310 71.321927
221 27.519946 53.092045 96.398502
222 63.535803 152.261844 67.529673
223 86.074530 41.805973 77.306417
224 265.747508 260.773415 44.566839
225 666.546654 55.499668 612.914989
226 724.396075 35.525355 185.324162
227 171.045893 405.709362 182.100286
228 143.377589 358.223347 220.574236
229 187.937747 65.808598 47.421320
230 39.399179 37.959182 89.222696
231 48.428471 71.563257 64.988426
232 97.750017 271.831994 76.637661
233 869.582927 83.399418 124.708518
234 500.019056 96.093738 135.321761
235 230.922854 94.544588 121.882391
236 102.016000 60.969261 73.003694
237 172.828997 66.145344 123.793534
238 30.389667 89.145600 40.299649
239 388.864993 54.398629 93.029950
240 243.733036 70.561766 143.386869
241 441.233833 88.625315 255.695103
242 272.237537 90.019474 123.777726
243 57.991002 128.948792 114.704112
244 107.629136 410.852043 94.780842
245 17.854610 66.530650 267.395462
246 44.469454 35.019125 177.564101
247 26.660150 66.417454 135.259075
248 123.277726 92.528464 619.869144
249 93.886380 39.913693 39.582136
250 131.555610 159.047643 242.477484
251 169.450687 111.528241 137.963027
252 469.719382 118.202762 22.293058
253 131.951000 88.000200 49.925220
254 87.206682 411.512105 49.273315
255 394.444847 822.126610 155.766896
256 265.965630 269.070183 126.243675
257 296.272090 82.992517 333.794529
258 28.733298 99.707484 132.216305
259 247.267114 367.927660 114.513978
260 138.230832 38.211972 620.595793
261 67.807409 98.260099 102.200171
262 83.723644 49.801546 79.325672
263 122.324881 53.830334 488.900656
264 125.388985 124.366762 350.825370
265 159.972876 209.521959 60.375423
266 168.722901 87.848616 42.783561
267 105.629870 32.811466 221.011952
268 38.300811 147.083169 281.098955
269 49.264905 50.359678 112.037803
270 148.183014 228.034757 459.929484
271 29.486326 87.474172 196.483964
272 89.689068 68.304866 242.496024
273 180.756866 128.487520 97.603631
274 154.787668 198.361856 58.727639
275 20.586813 118.278465 202.063194
276 54.066841 87.995233 62.058224
277 22.952319 65.056765 66.053611
278 37.266301 75.741048 254.862857
279 35.685129 183.653453 281.348522
280 127.103605 92.277604 44.665824
281 114.057946 224.760344 129.373133
282 49.100576 35.253716 151.744360
283 192.109662 42.459881 36.760346
284 121.261817 133.332519 123.514864
285 27.061840 49.730245 69.349584
286 196.644702 127.702304 33.285753
287 116.128415 46.664384 20.462378
288 82.231631 72.495561 83.276525
289 308.097565 57.908561 420.518372
290 26.986371 45.677020 49.864311
291 197.424026 48.229111 254.100983
292 122.626772 48.167094 87.598031
293 85.151048 127.200197 122.066563
294 192.413739 288.431756 193.010372
295 58.161118 196.204846 174.794344
296 77.857855 112.769033 200.807366
297 53.322705 368.225986 211.808090
298 110.001040 118.290530 229.731161
299 331.027612 116.746936 35.804621
300 164.102514 243.170281 330.286675
301 169.067830 266.311697 262.618273
302 405.798147 230.625396 49.002495
303 52.274935 215.165017 194.825357
304 134.853472 100.979285 93.603875
305 178.338236 137.573197 156.664386
306 655.366163 117.404158 32.062187
307 63.751371 64.643570 60.366284
308 65.546330 588.922134 417.823356
309 77.699684 240.223911 222.182513
310 63.474227 79.740131 105.282080
311 419.922613 36.925678 139.163783
312 142.909907 73.794986 82.101614
313 92.611579 172.687043 96.485391
314 205.043468 341.865962 82.527617
315 25.568680 140.108504 66.782491
316 143.930608 55.614529 53.495185
317 51.491081 327.900227 88.834305
318 86.899609 50.861523 233.975256
319 177.706390 131.157130 50.720384
320 123.044864 151.403285 39.450559
321 110.877296 24.682913 236.550153
322 274.231603 226.149020 244.222331
323 260.693599 152.612541 36.466009
324 422.089376 192.052536 65.197103
325 189.444139 169.721257 109.360206
326 42.622982 25.977402 120.868957
327 79.446487 44.741349 20.484162
328 147.116564 98.106726 169.013319
329 57.159987 122.848398 426.970069
330 218.419164 72.602235 244.850690
331 75.140699 413.288523 96.307336
332 117.493261 232.184517 237.767846
333 1005.191120 150.482926 194.392770
334 563.582409 252.781539 38.720274
335 103.899405 80.142729 90.664253
336 68.404678 81.583711 245.384018
337 412.627425 27.776157 54.808744
338 136.472813 112.622294 129.099327
339 305.611589 173.620012 72.620162
340 148.140178 233.065570 54.446242
341 195.058752 86.298604 140.795910
342 73.482113 100.250031 47.325942
343 469.857501 303.835561 72.763182
344 180.136339 71.512760 48.642117
345 150.960071 189.426982 102.297551
346 428.570896 281.940832 170.928941
347 80.288845 174.786928 181.622610
348 236.302578 64.310078 148.178913
349 175.607742 257.151453 39.648193
350 326.014055 513.230173 162.237030
351 526.169097 218.338012 73.850354
352 231.594033 34.833742 330.562090
353 114.747128 230.974826 390.632255
354 156.369013 133.261545 287.486126
355 273.057677 97.560075 98.328208
356 242.626377 31.257006 69.656831
357 152.083398 265.049509 217.292864
358 902.585170 187.228158 53.801341
359 93.465231 403.857964 64.380950
360 108.277896 209.687028 138.803575
361 362.743537 93.997626 137.174663
362 220.151988 93.057833 111.322983
363 152.369895 82.955806 123.607532
364 302.307171 159.104335 185.433568
365 340.559019 43.916316 599.862639
366 160.478429 40.505925 406.060963
367 280.779659 257.132379 256.107920
368 436.085822 75.830198 64.952917
369 213.006155 96.952869 61.997748
370 73.097127 92.712594 157.528856
371 115.289501 127.513581 232.021926
372 111.785428 306.587984 71.674808
373 82.742592 368.515924 73.878092
374 66.219166 124.068058 184.016044
375 71.403342 345.488245 252.333075
376 302.177094 256.846795 236.350186
377 163.160054 102.604877 269.016032
378 26.507405 219.547971 298.733149
379 27.793344 202.530887 219.174653
380 293.409424 105.832020 156.248179
381 217.196617 71.142202 195.749803
382 208.588163 41.429790 89.416278
383 403.208018 235.321154 489.211409
384 238.267772 73.448762 121.189594
385 139.388229 390.443339 76.659801
386 372.690974 317.161271 127.265776
387 54.235497 340.321033 97.782960
388 57.147974 292.171527 89.355228
389 254.284178 98.202002 136.640909
390 132.487061 76.525224 77.720321
391 266.941200 120.373522 301.849594
392 29.639399 151.242234 237.496446
393 99.515489 42.951349 60.058893
394 38.391791 227.761447 91.662178
395 162.064149 713.762272 39.675460
396 70.996643 398.589264 29.861343
397 126.148591 46.759338 81.135203
398 70.064297 349.714820 359.323295
399 345.450182 102.819022 66.295085
400 212.747601 84.284160 72.703853
401 51.635440 1109.880517 62.634292
402 211.355378 278.430851 64.622344
403 32.616448 327.807296 162.189250
404 28.493571 251.171127 65.914218
405 131.911634 60.460210 285.822661
406 556.945558 111.221492 338.751363
407 104.867164 107.939599 61.015798
408 896.437113 348.535003 378.439476
409 75.823647 369.169132 67.196463
410 165.380626 84.460724 38.052449
411 120.775608 359.876552 83.405035
412 254.328064 63.590006 337.006449
413 93.140030 61.760026 106.632743
414 183.253934 67.012798 66.153568
415 265.950391 137.725961 105.309629
416 109.527586 253.239876 56.602976
417 95.881246 45.813703 51.400026
418 67.833492 119.540891 89.815393
419 105.679258 67.977195 215.439386
420 134.910194 78.012469 39.205792
421 125.251191 104.310047 95.463835
422 57.526957 167.663803 90.432413
423 87.531626 122.980490 31.434331
424 162.268339 48.219935 270.437055
425 150.272205 105.044107 164.811381
426 144.000254 34.211484 196.324474
427 168.267794 263.906484 396.244478
428 145.183004 215.466883 117.090949
429 296.275740 182.855251 93.406104
430 59.207300 89.220496 97.153160
431 110.017160 41.152847 65.956867
432 117.086953 94.224039 242.035899
433 339.271539 258.604805 34.426443
434 622.728729 308.642518 54.253169
435 273.018083 708.867979 60.232957
436 199.763646 1067.335456 43.067378
437 96.501558 46.300550 104.467305
438 63.732815 255.392456 254.275196
439 161.988946 322.370438 146.577182
440 1041.456469 707.141146 175.810999
441 1019.499730 276.196737 435.487337
442 362.064182 663.609911 110.336465
443 105.574224 353.840363 32.083656
444 217.647025 53.388922 225.246128
445 61.556657 74.458832 843.543494
446 25.740301 160.341816 260.645244
447 184.007904 240.923180 76.408199
448 135.933663 72.825596 50.270967
449 128.558714 213.624026 80.726487
450 159.914265 76.770764 159.778837
451 208.881519 150.497042 121.649121
452 29.935426 280.497291 46.785880
453 60.244709 108.962460 41.395693
454 61.696007 74.483396 27.547027
455 328.246060 114.504949 116.192354
456 250.039724 1031.744071 133.368440
457 318.008560 336.704171 142.072651
458 45.221444 207.176362 264.392419
459 172.295230 283.154231 234.599997
460 532.657599 74.150375 250.307714
461 130.787439 338.396929 55.459989
462 75.304695 143.304900 153.733589
463 109.294916 127.221713 92.391834
464 83.362470 115.546668 53.580772
465 99.788728 110.339048 102.695170
466 50.081231 198.312063 61.492644
467 188.996306 253.946025 353.102290
468 95.534672 448.109657 128.518283
469 61.530663 542.382874 69.502003
470 78.297424 40.973073 112.494147
471 151.728228 117.653381 101.472298
472 139.164024 32.147653 35.817178
473 152.088811 139.257842 402.406399
474 130.995913 508.577264 172.603128
475 159.259867 39.787399 183.111024
476 112.975386 37.325072 175.915976
477 217.841188 171.298983 54.181616
478 53.408642 256.918758 132.072111
479 71.365860 191.457333 196.991258
480 74.928842 442.550707 233.771268
481 133.750613 255.967359 149.733360
482 85.133028 179.804730 200.436027
483 76.644816 85.184057 216.846554
484 141.898255 228.870189 72.190182
485 49.383498 241.227437 246.544924
486 81.927977 51.001099 344.305909
487 143.375443 537.965636 134.160787
488 140.916675 583.181192 172.068360
489 84.392123 948.282630 230.103553
490 38.464264 332.545067 294.079549
491 136.556819 206.865147 535.426916
492 65.709179 47.629401 220.843217
493 190.956675 135.434257 123.405469
494 602.948201 39.063234 59.492795
495 295.245633 100.301111 93.004666
496 37.071039 83.692484 200.506256
497 167.727340 74.204543 463.778748
498 100.668448 79.126489 510.323584
499 71.413712 88.550176 221.193724
500 178.572263 77.700099 33.043964
501 106.631207 80.615129 583.769264
502 58.244482 53.313693 185.809732
503 76.091964 123.941742 511.070322
504 47.187444 137.809206 157.212438
505 110.084875 61.929045 89.348091
506 36.922123 47.527556 262.116443
507 67.756035 88.073327 63.657166
508 36.235346 51.957235 89.006732
509 176.954932 311.469505 60.343467
510 217.209591 168.045846 94.290662
511 156.575856 67.956203 116.505788
512 62.193077 76.281426 125.346854
513 253.497524 129.643834 235.993812
514 160.615162 460.580685 157.418660
515 95.838849 446.199577 70.898927
516 111.465465 212.965282 56.459460
517 114.598186 194.909795 84.530447
518 136.556669 84.563104 35.052341
519 81.385676 47.979045 92.590077
520 245.016978 53.322348 420.053911
521 58.549005 43.961661 51.494203
522 431.815298 259.635783 143.784757
523 337.187839 138.138596 113.549800
524 39.656627 146.739036 57.245618
525 190.214575 315.570893 173.899306
526 355.990023 533.673704 69.849915
527 501.368756 364.064768 81.255571
528 38.176897 267.126902 399.481448
529 144.281925 104.223244 94.759289
530 123.667570 212.421803 199.567316
531 65.911725 137.459913 140.175964
532 236.353941 62.539223 43.261529
533 452.385402 304.119913 193.628279
534 201.206308 137.313762 176.465004
535 146.457021 240.450869 221.734304
536 57.205505 122.165234 65.184388
537 53.014083 98.403502 92.539241
538 49.654403 62.024090 182.360075
539 253.021466 320.142875 534.396431
540 137.266551 212.354729 120.699821
541 98.895605 117.063207 30.401539
542 189.280060 79.269081 32.973226
543 234.812379 60.371146 109.549004
544 109.004948 41.441149 77.259237
545 82.779997 123.089242 41.027043
546 62.958887 670.995534 126.215561
547 35.282966 254.712162 105.311738
548 93.137576 141.154473 106.820228
549 344.143789 734.879353 164.642164
550 162.766973 137.033161 262.993940
551 42.853899 27.760058 45.911143
552 240.360792 132.930368 70.609542
553 100.014332 118.434294 82.392134
554 181.742937 49.881732 26.537343
555 233.289811 155.421848 313.031574
556 624.711235 169.417937 244.043715
557 395.243442 75.448033 292.282830
558 29.273993 61.382453 54.216993
559 71.182037 201.841370 82.797427
560 38.746332 182.557102 72.256693
561 319.885494 355.962079 98.531980
562 749.833561 155.681384 154.093975
563 45.404905 27.870839 279.595227
564 84.584230 85.665851 356.578874
565 85.194440 70.146152 614.767914
566 39.336319 291.478372 333.256753
567 91.865456 38.755238 34.456117
568 128.238802 26.292589 58.889220
569 157.103360 236.299955 63.950088
570 246.457892 641.486299 231.256711
571 366.881167 292.547546 200.594138
572 134.363923 796.239804 27.025005
573 110.097038 120.145868 176.564788
574 63.650575 39.390830 420.296012
575 116.334151 50.098126 175.348656
576 454.834673 126.394449 222.197684
577 45.139625 128.222029 129.936477
578 208.546005 97.920202 32.879393
579 201.509762 46.592803 147.306157
580 73.431181 76.152662 122.522619
581 319.121742 362.002130 39.826116
582 383.218682 186.266511 250.353224
583 199.927237 553.222680 488.038132
584 72.256582 982.971604 134.673239
585 63.557177 95.299392 51.992654
586 74.737952 66.842873 84.900932
587 207.578038 64.912577 83.886373
588 43.572045 222.860029 148.672818
589 37.927434 48.572476 334.097814
590 161.793216 18.222025 65.091813
591 514.560254 249.836292 91.107046
592 82.375621 130.403408 343.490282
593 90.371374 122.904827 72.885251
594 211.963178 299.908875 190.300761
595 91.161410 68.848535 168.141265
596 173.184926 326.079644 220.742855
597 34.328645 509.043432 189.493678
598 52.560416 508.089325 231.984190
599 176.244778 88.401138 274.888709
600 76.555034 51.332593 503.457191
601 237.089306 73.974309 358.911164
602 56.988796 146.562807 130.386594
603 50.430510 97.648740 54.012260
604 107.161590 117.214010 470.630513
605 51.686728 95.007987 224.655093
606 428.558449 56.142156 138.881355
607 39.766907 39.139996 352.662958
608 92.530878 244.348488 452.840856
609 75.396458 173.558319 90.378984
610 171.077249 96.087790 137.679233
611 96.059742 374.792048 47.886610
612 83.811170 380.479068 102.815761
613 137.399194 1537.652915 123.147391
614 43.213808 313.237145 184.191880
615 55.153326 28.553968 187.779249
616 143.448534 60.188640 164.470625
617 107.243588 157.742118 72.646823
618 70.630668 163.876077 23.509742
619 68.103802 683.067525 177.281562
620 79.328078 247.771004 259.272861
621 46.174516 303.089680 94.462007
622 113.751469 479.537811 64.398762
623 25.721536 171.656442 38.665817
624 53.983803 775.732359 116.391981
625 47.630403 104.533994 35.933131
626 31.131596 254.418670 142.840285
627 68.443920 189.885673 135.600731
628 294.856381 758.296727 81.164231
629 52.150932 109.901682 518.317669
630 90.246906 226.618200 20.709131
631 14.445167 107.143941 66.146030
632 121.085398 28.048567 81.129133
633 188.525629 197.321065 33.145906
634 107.640748 450.106723 371.317267
635 34.140979 45.654383 37.822172
636 63.826120 34.345437 311.052081
637 130.457919 89.466471 169.385210
638 668.789087 208.917214 547.436178
639 55.046631 59.353427 277.598438
640 76.429320 27.657498 337.950893
641 176.758182 81.305686 160.418228
642 88.370366 69.540160 70.816134
643 38.807365 128.008252 93.083714
644 85.531623 311.129535 103.864845
645 39.222119 113.481112 181.929201
646 182.325901 242.705799 61.427830
647 87.630006 467.109321 46.019791
648 56.531595 70.513323 112.839063
649 126.508624 128.970966 56.384449
650 373.593330 316.595431 213.756191
651 98.380218 248.515174 147.512665
652 309.802175 274.836657 64.528412
653 85.654275 176.901557 32.977523
654 152.197842 62.902255 203.091621
655 413.976682 79.153855 142.569583
656 1151.841001 534.340517 62.209486
657 282.399172 106.720905 188.476269
658 133.461319 21.690698 625.193213
659 381.060238 50.644909 167.058476
660 72.928572 126.628400 182.050951
661 64.583722 55.972494 145.591461
662 383.249114 36.893256 148.466348
663 184.347353 180.685915 94.731924
664 195.409983 268.028226 83.732647
665 125.070333 114.118122 62.344613
666 266.665210 157.566461 66.981130
667 94.652977 52.928896 215.173429
668 87.879821 78.797786 162.968056
669 59.926761 114.155681 25.142498
670 111.197822 80.547650 27.948282
671 63.960371 172.010659 108.114618
672 73.177195 410.780205 152.585632
673 54.858545 571.994763 383.224569
674 239.622122 111.048590 138.094561
675 71.179226 421.564323 409.045539
676 198.697312 108.646607 342.772048
677 100.635983 146.626180 50.240131
678 235.176133 167.979974 282.141243
679 648.428424 131.533953 286.108780
680 520.898022 277.538770 259.181025
681 190.149063 618.316303 176.269937
682 93.296155 203.393528 302.727914
683 30.587293 122.793189 73.518165
684 63.451220 317.835775 57.749546
685 249.727201 48.340895 324.915997
686 78.654598 53.290849 268.974102
687 37.205924 68.564463 90.812305
688 98.005366 193.891217 54.617255
689 192.408526 64.978451 105.172418
690 466.937343 173.015770 31.087037
691 148.510716 122.562718 190.689264
692 508.123397 257.973291 171.384582
693 156.128910 65.729706 76.404371
694 52.534054 314.094501 195.816589
695 143.713109 65.487919 364.529146
696 89.029169 114.104252 194.737263
697 195.178663 28.593081 169.996621
698 342.611114 129.217635 157.519261
699 616.132338 108.494587 321.673398
700 53.115811 124.461532 125.675552
701 91.308416 171.084495 353.821891
702 292.479379 56.162728 374.420586
703 86.373494 224.477023 72.477652
704 31.942385 227.177669 142.537612
705 318.414763 110.880715 140.955512
706 311.912807 78.939844 631.153433
707 57.559253 219.198925 333.476325
708 294.018944 40.695001 34.431782
709 63.554317 215.059513 112.807436
710 90.732902 435.103582 129.856379
711 83.692533 837.960274 84.247561
712 499.103907 119.208929 90.544768
713 73.847990 556.272281 66.223227
714 381.713633 594.707094 71.825514
715 74.371425 466.545118 234.943481
716 86.552864 51.515543 301.305479
717 238.059328 95.868811 75.742338
718 505.995789 230.223263 78.313773
719 76.511458 757.833626 86.444046
720 132.342327 806.491419 216.157652
721 319.697666 84.167840 139.885087
722 310.474974 28.328956 172.330153
723 46.542757 327.704568 36.576747
724 174.068485 265.002915 102.651511
725 115.405575 84.637091 315.198033
726 103.332755 220.975874 356.367148
727 170.565557 133.540067 165.672492
728 122.023211 55.530410 33.974616
729 388.294144 116.848771 79.034700
730 114.024251 38.355145 161.340534
731 85.607656 77.883715 76.090625
732 39.811852 24.087465 29.576467
733 48.375372 203.888581 212.710268
734 139.367972 173.644981 95.778740
735 140.961059 61.443896 65.249343
736 71.476723 81.275381 351.864442
737 26.719717 240.954721 251.662337
738 57.309030 272.396469 426.568943
739 105.080375 48.402431 180.435136
740 456.687172 64.275458 116.361147
741 534.180837 53.144916 71.857931
742 125.517012 92.667427 35.563785
743 68.908102 152.651495 275.683345
744 105.317570 235.869975 244.172476
745 49.006885 117.439697 44.173807
746 74.862727 29.720792 124.573250
747 369.314683 55.421994 274.368513
748 142.842629 64.802599 277.824986
749 91.653242 275.369144 74.220066
750 169.172880 58.021324 250.351079
751 186.449438 98.647045 74.432038
752 36.655025 49.210807 86.975994
753 47.933186 68.595412 76.297293
754 30.999914 50.569774 60.207243
755 31.971428 49.967117 106.736590
756 69.139820 91.166989 47.167955
757 127.542948 104.314054 211.195812
758 219.745996 41.345285 701.797345
759 119.183523 390.651560 352.420600
760 148.384242 736.734691 183.775811
761 385.417925 83.384032 87.836622
762 1077.312922 35.036637 357.971492
763 400.322899 54.265712 151.938616
764 544.620655 63.990434 97.542752
765 169.955788 37.568251 162.100413
766 47.834472 54.020649 77.352782
767 59.468460 89.416322 78.629715
768 56.617021 239.434994 144.290162
769 51.420453 118.900448 286.948350
770 116.918318 183.716948 450.043036
771 144.310106 80.794248 830.364552
772 121.084047 186.306097 375.191073
773 200.209840 36.912583 84.801604
774 355.691730 146.135087 67.531541
775 148.425110 292.609170 277.966599
776 313.763402 134.417215 364.596724
777 228.223828 170.993640 253.318047
778 224.702229 162.264825 124.745310
779 288.948007 191.337932 304.633112
780 65.593647 200.109331 141.974831
781 32.749834 102.513288 135.166793
782 129.838629 168.277449 57.637969
783 210.173198 549.654500 216.205112
784 58.338046 191.271113 84.551490
785 125.127375 61.499070 22.227406
786 66.533401 32.370330 122.045861
787 50.045715 46.872556 256.747997
788 100.415037 102.147364 93.279293
789 128.653698 450.500667 105.466276
790 375.416915 144.701666 51.494248
791 172.595112 24.663627 156.940388
792 75.020552 74.502401 161.717022
793 623.956701 193.085186 83.919200
794 274.310441 997.901874 75.638677
795 701.593972 342.343777 82.987628
796 308.258974 251.834694 258.612927
797 89.242022 649.009835 61.058964
798 77.429881 529.687238 49.825178
799 50.440302 153.634795 215.499268
800 68.330884 131.237559 99.642776
801 62.119139 127.762774 301.619347
802 102.964521 63.039211 729.894757
803 40.160777 67.110038 103.022312
804 37.633195 47.218996 179.944668
805 172.407982 104.382901 311.675914
806 55.383207 83.074725 55.285049
807 151.338719 53.539283 54.404954
808 195.230770 563.614547 41.060584
809 60.471942 779.768547 239.346595
810 33.439424 185.436192 157.872406
811 46.947907 84.188440 161.316271
812 151.708154 158.515562 181.325150
813 353.960964 45.825617 84.755435
814 260.487836 38.710584 105.275796
815 241.397334 78.382714 61.899266
816 146.696193 32.074266 60.028133
817 42.518992 173.470143 394.278627
818 23.962218 159.400543 219.792716
819 525.148760 24.808853 355.891469
820 109.368574 111.739079 536.392023
821 80.205321 58.761078 646.060007
822 270.042672 145.999282 183.473154
823 649.421054 290.789811 265.723808
824 485.133285 316.897480 48.810937
825 261.990079 34.362699 106.320418
826 196.407980 63.250363 112.101420
827 33.162100 31.383118 229.405684
828 50.139560 102.614927 138.539651
829 325.818187 227.719694 140.522521
830 77.386680 284.552029 62.073478
831 202.901610 365.373641 136.591542
832 654.548676 109.986642 117.744203
833 305.984405 67.200986 142.098823
834 218.662148 228.771160 376.515299
835 361.640757 39.583645 92.718853
836 230.776007 62.983318 307.034817
837 589.294800 528.089076 66.425507
838 47.011289 171.669515 124.635169
839 161.959737 193.929770 70.979216
840 50.574908 95.783455 364.721861
841 64.171948 129.121386 214.295653
842 29.646179 588.950863 38.351649
843 193.531020 592.488327 90.874488
844 37.261418 374.884537 247.364509
845 52.642306 314.688932 141.861619
846 73.982938 88.136102 118.598490
847 19.749467 96.194975 594.894982
848 136.362896 155.998484 119.192373
849 276.532838 233.274368 250.410073
850 190.702997 59.299013 53.463651
851 405.560014 62.012287 589.007946
852 49.969557 175.990033 485.442612
853 99.844268 355.984874 383.000550
854 55.828049 105.865521 471.965606
855 38.353109 718.931352 578.226516
856 31.487509 539.747250 55.185543
857 53.585529 98.588756 300.852997
858 26.949538 93.334706 471.875764
859 135.519414 62.763103 999.151031
860 74.505335 232.718134 459.116075
861 96.972231 701.091084 293.881781
862 35.755237 52.810965 258.756273
863 42.614402 231.878780 28.387746
864 53.533205 302.493441 88.978155
865 76.042602 71.830964 254.255885
866 386.095590 729.120506 297.842266
867 854.505331 531.081654 241.310473
868 175.608143 91.245021 45.805786
869 252.315443 306.450040 112.201508
870 1062.644363 522.032598 37.928196
871 764.025201 348.503107 116.206606
872 217.643769 137.101032 172.921324
873 161.488259 33.610298 128.549529
874 459.262676 122.800782 483.190656
875 33.120442 128.016804 463.207703
876 54.107303 110.153922 60.433619
877 214.215923 149.446138 127.706000
878 254.658260 114.774945 231.358371
879 52.253655 59.248388 54.565316
880 50.324867 34.254276 85.493287
881 82.815119 100.533859 169.911336
882 214.669227 103.117974 396.776706
883 415.531856 46.379729 53.860869
884 234.099137 89.652572 93.320163
885 74.341333 302.135931 110.657672
886 61.427006 44.922191 36.587161
887 89.031956 53.440521 334.464322
888 93.759869 350.472442 55.205148
889 143.898043 708.142536 239.637445
890 286.059942 83.426592 250.511335
891 196.376538 125.273985 300.158438
892 318.709446 285.498263 525.387788
893 36.461759 270.911036 88.126770
894 163.100777 568.815942 109.297268
895 33.580862 188.966990 41.941158
896 147.062924 133.012875 83.763617
897 206.745977 50.471246 193.397217
898 162.621173 51.880545 44.511289
899 184.380898 410.514217 33.438561
900 98.034147 184.281712 63.407789
901 52.279186 109.802011 31.138410
902 238.966214 208.461524 105.129191
903 389.515267 164.806825 38.478338
904 373.441260 82.435983 41.993948
905 244.142033 36.442651 161.936190
906 87.640840 159.220195 73.658450
907 132.729857 68.375722 46.609233
908 111.278223 150.214945 163.807746
909 105.749831 142.293937 139.819504
910 170.772274 184.123508 79.062072
911 216.322371 60.889046 159.030749
912 198.228942 204.503234 393.139818
913 61.567910 45.156274 184.973620
914 96.373586 478.061701 94.609517
915 441.936170 183.116291 120.862468
916 173.082063 35.621853 953.104927
917 81.368755 172.906025 435.268822
918 155.080924 198.600356 176.499482
919 62.426487 81.329787 74.160150
920 249.215995 228.970492 351.180668
921 290.002954 51.807729 335.474964
922 119.415984 110.676425 79.992395
923 53.149729 231.590486 73.869238
924 198.050724 35.572899 208.429192
925 54.149572 65.546705 94.394751
926 239.059238 51.710703 144.695261
927 111.330386 40.144456 829.626420
928 69.484194 63.705457 48.325054
929 45.225942 276.699772 104.032479
930 159.869526 319.056219 198.121645
931 339.270840 66.994877 432.715670
932 60.878092 131.336389 589.399685
933 76.084885 90.089857 142.690691
934 73.778092 509.465714 583.852898
935 308.635931 213.555527 394.427155
936 128.524353 34.835451 91.239948
937 40.842720 71.834132 137.678748
938 35.303459 316.374618 56.630933
939 224.935974 67.685275 572.245559
940 66.911382 59.833609 150.923146
941 43.031838 119.684045 127.743638
942 98.938660 124.357692 56.611355
943 141.108928 28.976915 216.283814
944 72.461506 158.203482 349.861560
945 126.915353 77.655572 422.340197
946 229.387064 86.471953 33.304006
947 189.418630 80.712277 411.958185
948 45.836872 110.791005 74.522692
949 161.030724 390.055926 95.599531
950 71.863469 481.778891 160.676533
951 104.207198 706.197082 55.136275
952 220.859142 135.729325 211.857261
953 411.846418 61.640723 388.711305
954 81.448038 30.997388 121.260758
955 1341.139830 29.282646 92.756156
956 751.594872 291.116613 94.280597
957 169.314670 180.791823 94.052385
958 46.252168 202.987538 133.355368
959 147.860182 167.590249 223.329091
960 140.246942 49.203570 278.651441
961 67.182876 43.820178 72.561986
962 150.142105 51.054918 153.103875
963 107.978597 213.812442 49.718293
964 143.663139 101.210731 132.649588
965 114.959877 88.408275 182.446921
966 122.113900 513.164474 150.163679
967 86.465979 109.066569 51.521999
968 135.444763 90.336771 142.670595
969 181.307860 30.907175 96.593986
970 205.736031 111.177748 77.450819
971 54.047294 248.594556 153.166168
972 81.921738 41.232225 123.382955
973 90.710526 133.837822 23.095384
974 93.067643 68.110530 254.366218
975 251.381058 117.655445 210.358573
976 123.779190 121.072010 303.142635
977 62.581935 189.901750 121.292111
978 126.335540 367.259714 232.085726
979 172.752493 639.160948 119.739412
980 147.805121 93.083582 53.384392
981 298.606165 68.198426 238.599321
982 48.091453 105.736533 142.241673
983 200.439140 83.339939 135.991294
984 100.973966 516.272155 78.332493
985 103.206411 272.775369 150.080615
986 67.710127 539.529003 66.607768
987 64.323152 319.306236 193.508722
988 113.971873 127.943144 36.272618
989 130.677857 357.821106 128.637602
990 156.713129 68.840875 253.210296
991 152.127862 108.612238 135.772494
992 93.188254 55.206328 517.594736
993 458.319676 53.129160 88.580876
994 734.331564 201.840902 29.662587
995 94.420058 681.140652 58.998267
996 185.173650 67.013870 30.150205
997 48.797771 19.242297 71.203042
998 114.495566 53.426599 79.184867
999 76.612851 90.447418 135.202882
1000 61.882380 138.100721 59.133057
