1 16.331837 -4.363915 0.871211
2 22.564171 -9.395287 -2.996262
3 16.109942 -21.022188 4.466745
4 -0.672802 -12.264596 3.348351
5 -2.638977 1.822298 14.734112
6 -15.366788 8.333079 -18.198720
7 -9.991702 -11.684328 -11.416436
8 -19.723198 -10.978135 6.819150
9 -6.776321 9.563927 15.060643
10 -5.451872 14.456842 20.711554
11 4.594932 9.744304 5.922154
12 11.899351 9.022144 5.718048
13 5.758702 20.068389 -16.275430
14 24.142286 3.481848 -7.178510
15 1.065826 -9.677196 6.431036
16 -17.266127 -3.656263 -4.614290
17 2.530154 8.276522 -7.882099
18 -0.964257 -1.441163 -9.847374
19 11.319090 -4.831928 -19.067582
20 6.474354 4.621821 -3.575942
21 -12.724009 6.483563 10.750372
22 6.259088 18.477087 13.114440
23 2.942238 14.900894 -1.847207
24 -3.084449 2.888520 -13.315200
25 -20.020728 24.851051 -12.119199
26 -23.024749 13.256969 8.267836
27 -7.329958 -8.259951 -15.625149
28 5.795502 -17.879935 -3.053346
29 11.633803 -25.252032 -4.977739
30 3.342715 -4.770134 5.465540
31 -2.040508 5.415602 11.152879
32 -12.750686 6.129735 -2.798843
33 15.072550 8.377760 -5.700756
34 3.862142 -3.506579 -1.728988
35 3.858075 -4.360129 -2.727889
36 6.268714 -9.217092 -9.929554
37 -2.119023 -5.966761 13.501791
38 -9.368238 -8.570480 3.697328
39 13.841379 5.492633 -5.077070
40 23.452818 -21.490148 -7.779246
41 19.242404 -10.911301 -2.622919
42 10.129024 6.760401 5.153447
43 9.497769 6.562673 -3.099182
44 2.138950 -0.372969 6.056097
45 -8.983021 -4.148948 1.124718
46 -14.818718 2.549541 0.806890
47 -9.022424 4.330085 -2.092342
48 -10.782669 10.781161 5.205887
49 -23.432345 20.529671 20.942985
50 -21.915778 -0.824677 5.881984
51 -4.811023 -19.186026 -19.711319
52 -8.226956 2.002280 -9.146331
53 -2.654126 2.115937 -11.177991
54 -0.040070 -1.409872 -4.836459
55 5.071559 -2.515551 2.191409
56 3.444423 -0.760310 -14.532004
57 31.173355 12.789651 -9.788455
58 21.224564 15.869311 -7.496727
59 -21.063886 -5.782860 -2.647522
60 -18.061269 -21.723869 1.803064
61 -3.834892 -2.628393 26.386900
62 -8.457814 3.906322 1.895030
63 -15.014639 -2.794104 9.286860
64 -12.117892 -6.521719 8.282906
65 -0.509941 -14.868761 -10.669096
66 -2.140754 5.499462 -2.230137
67 3.880233 -15.689274 7.804606
68 -12.485991 -2.887219 7.168661
69 -19.538153 13.604709 7.160285
70 1.987688 -6.485475 10.003349
71 5.449018 -15.177032 5.522929
72 6.158759 -15.102382 22.245635
73 -10.684249 -0.723423 6.187837
74 0.134772 -12.754433 -8.206872
75 -10.382817 -10.500022 1.628822
76 0.189355 -11.196573 14.070578
77 14.481373 -26.990678 14.946120
78 -8.514190 -8.142555 -0.249747
79 1.247957 2.317002 -3.339492
80 -15.451108 3.881000 -11.141002
81 -3.071416 7.651170 6.586638
82 10.615950 4.844096 2.287829
83 6.146431 -5.852232 11.484004
84 8.330739 12.840537 8.025009
85 3.036396 5.118183 -9.739970
86 -19.172692 -8.839609 -15.892787
87 -10.316953 5.303470 -17.087015
88 -13.556425 -13.048406 3.659863
89 -8.722078 -15.719070 9.083738
90 10.377233 -8.299418 4.116912
91 13.066428 2.748031 1.050568
92 12.277201 -7.783986 -10.520102
93 6.944559 -4.230640 -2.470541
94 1.309040 -10.715731 7.128177
95 -6.195027 -2.015961 11.944812
96 6.986886 9.148487 -3.094394
97 13.057630 13.809888 14.799264
98 -8.220383 19.042187 7.247484
99 7.758951 -3.398678 2.683963
100 5.542244 -15.536496 8.799618
101 -2.884777 -9.401775 14.860213
102 -5.948491 -2.297314 12.446278
103 1.866474 -5.380522 -7.263514
104 14.417975 -9.538518 5.004116
105 16.033457 -5.431077 23.517027
106 18.866590 8.675719 2.493071
107 -12.700121 -2.238033 -2.896897
108 -9.586336 -6.225568 -18.810953
109 -10.089870 -1.538751 -7.125949
110 10.927196 9.803185 2.115884
111 -3.437259 5.388366 9.107810
112 0.063011 -23.529470 -9.252557
113 0.756847 -17.591583 -0.551482
114 15.956600 -6.505751 2.063132
115 -17.775569 -5.152061 4.839956
116 2.983503 3.666200 -0.418706
117 -2.234180 11.071023 0.247504
118 15.343246 13.017483 -7.700157
119 -5.021787 8.538918 -1.193628
120 -5.709567 -5.421999 -12.477491
121 -7.609663 -17.845460 -6.518395
122 -11.970459 -6.577439 -6.344167
123 6.046046 -13.949801 -6.599677
124 -3.592678 -16.319435 -9.000653
125 -19.061568 2.921755 14.704933
126 1.512509 -5.969986 6.621685
127 -9.498146 4.476370 0.399948
128 -15.300931 6.349570 -8.151035
129 -9.115626 14.207359 -8.458566
130 6.958456 9.437176 -6.822875
131 15.999768 -3.103807 -6.532724
132 5.270166 -3.079602 -3.369069
133 -16.124013 -3.804916 -0.183502
134 -15.279276 -3.449637 4.673965
135 14.447081 5.229874 12.388249
136 10.166609 1.113045 -2.043524
137 1.970344 -2.783585 6.988482
138 -7.845007 0.072642 -3.600533
139 -7.557823 15.920698 -7.432346
140 1.152530 7.794472 14.809689
141 -2.796102 7.219042 11.892232
142 -4.929504 18.293475 -17.649469
143 -4.828146 -2.041389 -12.382502
144 7.679495 -0.929773 -13.025903
145 -6.962156 3.408859 -1.180404
146 -3.412916 6.743962 -11.195014
147 -19.489466 9.128243 4.175076
148 -2.542095 -9.939947 14.339444
149 -5.404453 8.283641 -9.112734
150 -12.691819 -1.529007 -25.239984
151 -6.483226 -11.301624 -5.259576
152 6.126324 12.624113 5.047193
153 -2.996076 -3.990327 19.658546
154 1.066204 -1.170944 6.767776
155 -10.378856 -6.573316 -21.715800
156 -2.692130 12.160694 -2.477431
157 10.597766 4.181184 3.818685
158 7.219182 4.165215 -2.405054
159 10.699500 -8.322591 7.738874
160 20.532809 8.477541 21.047504
161 -5.208077 -5.176488 -0.285646
162 22.246797 -15.136879 -0.198454
163 2.142222 1.049133 9.449665
164 5.835060 12.783148 -0.939400
165 11.118866 17.976577 -2.279167
166 -2.903180 1.940719 -16.568136
167 2.209327 6.983096 -2.727300
168 -0.226703 6.525579 -14.809063
169 -3.742004 -9.608108 3.443822
170 0.624023 -1.383549 15.812825
171 -1.746731 -8.180066 1.819831
172 2.252098 -2.611863 -10.043986
173 10.438128 -11.180661 8.147647
174 6.467118 6.769657 -2.076884
175 -0.570401 2.905749 5.516592
176 -11.959078 9.376392 -2.385875
177 5.671777 -0.783514 -16.836003
178 -1.782564 5.303270 -14.911965
179 -10.547369 -7.569021 -20.416913
180 -2.995279 -6.391303 -33.126763
181 -12.254177 -5.150909 -18.204665
182 -15.259178 -2.020105 -0.575116
183 -9.654679 9.599071 -5.544116
184 -12.430001 15.320259 4.702268
185 -17.554044 4.297221 3.848373
186 -5.342457 4.708537 -1.495254
187 -18.249559 -5.685338 -18.204680
188 -21.072768 -7.519299 -7.756615
189 -22.013115 -12.311114 -6.926443
190 -22.378759 6.837347 2.451917
191 -16.237135 20.574123 15.655208
192 -14.644619 8.875980 6.733547
193 2.601846 -17.288602 22.605474
194 10.723244 -24.672881 2.205892
195 0.555365 -2.692826 -0.759468
196 -4.672982 8.197245 -2.215739
197 -15.834756 19.402005 4.007931
198 19.998426 8.703253 -7.614137
199 2.948306 1.347461 -7.149073
200 -6.168485 15.451356 -1.105889
201 -4.795761 1.752734 5.501650
202 -11.835160 -7.401004 8.339566
203 -20.994649 -1.926868 2.055402
204 -6.629747 1.080847 -7.252088
205 -12.049883 6.665955 8.539606
206 -2.485283 8.686670 11.821232
207 16.090495 -2.657687 5.925475
208 4.753978 -11.529305 5.971522
209 13.391742 -13.771199 2.037328
210 9.661032 8.103577 -10.559332
211 7.964265 4.101980 -7.926331
212 -11.368041 -2.299985 -11.719703
213 -11.160542 0.075267 -17.330656
214 -6.528287 -13.072726 -2.410567
215 17.284921 -14.887624 -22.063134
216 -1.928327 3.466140 -11.440062
217 -12.828792 16.858179 -2.679325
218 -0.969158 11.039941 5.475683
219 -8.054868 10.782124 7.544951
220 -8.289340 6.290631 -0.972222
221 -0.219111 -3.161377 5.722684
222 0.378740 9.696953 1.423426
223 -5.125912 1.269719 -2.638525
224 -14.625229 -13.542666 -0.132782
225 -25.206685 0.124306 -23.481294
226 -23.976903 -0.081780 -5.533757
227 -10.083893 18.227497 12.137161
228 3.718284 15.039938 12.458953
229 8.730584 1.807245 -2.425212
230 -3.210323 3.592402 -7.740157
231 -1.770607 -0.952852 -5.962078
232 -1.903408 13.960284 -3.126945
233 28.835362 6.797576 -1.342678
234 15.419158 -2.032568 9.599319
235 -14.158148 7.600194 3.894419
236 -5.972480 0.938755 -6.700035
237 -11.528928 -5.216648 -7.303621
238 0.648798 -0.293248 2.191998
239 18.794812 -0.562076 3.462396
240 -11.194692 -3.380623 -10.846651
241 -20.609305 3.783790 -14.976916
242 -15.201714 2.258295 -1.539628
243 2.020823 1.822395 2.133835
244 -7.703998 -18.778156 6.117152
245 -0.012769 -3.587024 -13.571942
246 -4.380506 -1.867109 5.421095
247 2.844626 -6.049863 5.799376
248 -8.869873 -2.976673 -22.444113
249 -7.125446 -0.818970 -0.431994
250 8.096576 -11.556939 -14.633468
251 -3.749848 -9.191451 -8.415751
252 19.656899 -9.377845 -1.557344
253 1.932965 -5.775211 1.433250
254 -4.927638 -17.998775 -5.346818
255 17.544428 -27.502677 -11.675974
256 13.928144 -14.431012 1.530904
257 16.610954 -2.668013 16.775869
258 -1.837046 6.153251 -8.809095
259 14.603351 18.182297 -8.481116
260 7.657885 0.515745 -22.072175
261 -6.675470 6.921742 -7.348572
262 2.902352 -4.956285 4.634666
263 8.627717 -1.513247 -21.280806
264 -9.234058 -7.231135 -18.058113
265 7.278463 12.977283 -4.123333
266 6.459306 6.597880 0.973534
267 -5.373795 2.112092 -8.835605
268 -0.625250 10.273768 -15.140694
269 -3.339214 2.159614 3.837686
270 -7.862433 12.683246 20.137394
271 0.212170 2.956030 4.472480
272 8.725210 -3.981308 -14.803502
273 10.759052 8.680225 -6.772735
274 6.839734 10.820217 -1.717397
275 -0.346674 -6.778258 -12.537093
276 1.363102 -8.052765 -6.212613
277 -1.586647 -4.789854 2.757047
278 -0.357135 -2.121083 -14.598546
279 -1.317418 -11.760407 -12.594859
280 -7.951938 -3.557096 -3.195492
281 -8.374891 12.246785 -9.308153
282 -0.941325 1.035243 10.255103
283 11.579871 1.379389 1.167771
284 5.594354 -9.280866 9.896401
285 -2.686009 2.513564 -3.387898
286 -12.176999 -4.668173 -0.724768
287 -8.157896 1.498135 -2.661281
288 3.600181 -1.922455 3.537503
289 -16.239459 2.420745 18.859050
290 0.533304 4.478346 -5.679016
291 12.630305 -2.294847 11.170189
292 -6.690401 -2.434502 2.877686
293 -4.642943 8.788298 8.323357
294 11.856948 14.864543 -7.493288
295 -0.780005 -9.075518 10.265338
296 -4.994539 -9.527416 7.938220
297 -5.104899 -18.009151 -12.709367
298 -1.055540 -7.952338 8.960291
299 -13.884923 -4.719320 -0.754099
300 -4.706085 -14.724992 -15.271034
301 -10.135198 13.490007 -11.847406
302 -18.511424 -14.005243 2.711984
303 -5.282473 -2.158918 10.113776
304 -10.057831 7.987137 -6.786841
305 -12.460696 9.186929 9.671641
306 -23.985262 8.771527 2.101618
307 -5.957964 2.017904 -1.736733
308 0.616268 23.088079 19.680315
309 7.409239 13.894802 11.928398
310 -3.000582 -4.762543 -7.391150
311 -16.991541 -1.809558 10.094796
312 -9.082799 -2.745389 -4.064411
313 -1.080505 -9.350653 -2.866097
314 -13.110661 17.321128 7.391289
315 -0.667361 10.235233 -1.882022
316 -6.801385 -2.240258 1.119072
317 1.512078 -16.511982 1.386873
318 -6.728731 -4.242912 -0.850078
319 8.733805 -9.681266 -4.334450
320 7.668300 9.828842 3.909767
321 5.678574 0.975376 13.904599
322 -15.586817 -14.408122 12.185890
323 -14.985695 -10.610720 -4.004588
324 1.011212 4.484056 3.122678
325 -7.387173 7.773279 3.642835
326 -0.027406 -0.310782 -6.938251
327 5.786187 2.494874 -0.890821
328 10.406280 7.520230 8.864028
329 5.961024 -2.591220 19.042822
330 11.307706 -5.407268 14.974241
331 0.416536 -18.969474 7.400728
332 -7.217023 -10.391282 -12.750654
333 -31.366536 3.927990 12.246469
334 -15.956950 11.676850 -1.482403
335 7.265410 2.671086 -1.527014
336 -4.569383 5.345593 13.846109
337 18.926317 -3.943548 3.478229
338 0.455821 -8.119956 -8.871897
339 -13.404305 -2.715043 1.851287
340 -5.467042 -13.823010 5.536485
341 -9.300710 -6.658452 -1.763073
342 -0.513034 8.236455 0.453499
343 -20.285740 14.708101 -1.822737
344 3.773602 -0.359372 -1.860225
345 10.001288 -12.531097 -2.885206
346 -7.218984 -14.434174 -1.527542
347 -1.064587 -9.466831 5.033885
348 -14.303575 -6.666217 10.819519
349 10.172941 -14.851493 3.629096
350 15.956697 -21.920304 11.557532
351 22.394662 -12.425607 -0.057121
352 12.712493 0.909809 -17.353646
353 2.799090 -10.092412 -18.702084
354 11.061470 9.462533 -14.732016
355 6.896845 1.611901 -7.743159
356 -13.376048 -2.660129 -6.735888
357 -9.111693 -13.679227 -13.479766
358 -28.070821 -12.235190 -5.008966
359 -6.363492 18.368315 -6.606770
360 -3.849521 1.790985 -9.424189
361 16.269949 -5.149081 -5.990819
362 1.253291 -7.546837 -7.094628
363 9.107174 -1.214554 4.240647
364 14.998977 -4.990202 -8.878183
365 13.418661 -2.745677 -23.964913
366 -0.656750 -1.424888 -18.859791
367 -13.079018 -11.383838 -14.925117
368 18.536196 0.257478 -5.824813
369 11.833628 7.845546 -0.893531
370 5.764056 -7.547872 -9.999635
371 -8.368896 -2.854182 11.267035
372 -7.990929 15.678509 -3.938400
373 -2.027467 10.028135 -6.909827
374 -0.941496 -4.470227 -5.728874
375 -1.547008 16.309211 -10.585330
376 11.083286 15.126229 -14.474115
377 9.550051 7.318453 -14.868631
378 0.509220 12.508431 -15.895130
379 -0.787123 12.381117 10.356903
380 -16.029625 -8.311588 6.080941
381 -13.104837 -4.871112 -10.848963
382 -12.842606 2.273951 3.042233
383 -2.794992 -14.294756 18.617389
384 13.804513 -0.485011 -1.112246
385 -9.269999 12.761141 -5.698631
386 -15.619061 14.361788 -7.346342
387 -3.860665 -16.099695 7.728882
388 -5.506135 -12.417666 -0.868741
389 -14.680319 -8.443020 7.966356
390 8.875790 -4.317834 7.138774
391 11.040164 -3.369765 16.518019
392 0.773938 4.497759 14.550647
393 -1.757193 -1.981821 -4.268979
394 0.801210 -14.150833 7.570441
395 -4.804610 -24.371202 0.640774
396 6.020951 -18.072580 -1.813185
397 6.410899 -1.992910 6.237175
398 6.497664 16.840464 -15.392850
399 16.692897 7.986422 -6.473365
400 12.488221 4.909035 -6.975615
401 2.719202 31.745262 -1.533289
402 12.573818 14.779717 -5.045089
403 1.932045 16.138391 -9.521476
404 0.050303 10.950269 -4.515854
405 0.864926 -2.056262 15.682456
406 22.275512 7.540488 17.116212
407 7.682609 3.010228 -4.511173
408 28.470082 -15.592654 -18.364012
409 3.211117 -17.878484 -6.381591
410 -10.284484 7.123006 0.061294
411 -9.032214 16.298478 7.360993
412 14.536534 5.174973 -15.339344
413 -3.340852 -1.275589 -8.120627
414 -10.769052 -5.997963 -1.009913
415 -9.852698 -6.023392 8.154356
416 7.450157 14.375605 3.605413
417 6.846571 2.215720 1.230249
418 7.151431 6.315810 -1.144363
419 4.730678 2.488085 11.423208
420 8.828862 4.201647 1.658680
421 8.855750 0.462478 4.875106
422 1.930841 -9.059736 0.245494
423 6.688520 -4.621403 -1.003493
424 8.169237 2.593133 -12.360598
425 1.405506 -4.121896 -10.082051
426 7.491173 -1.220545 4.433070
427 6.724282 15.096474 14.247696
428 -5.961023 9.598970 -1.493631
429 -15.490497 -8.997241 -0.758368
430 -5.000924 6.498858 1.401041
431 -2.752919 3.968701 -4.788831
432 -3.162090 5.414822 9.452425
433 -16.264033 -12.679704 0.968245
434 -22.905584 -15.903697 -1.275178
435 -14.231126 -23.563076 -3.131893
436 11.775308 -26.587394 4.176665
437 7.014451 -2.597572 -6.775649
438 4.177458 -14.442074 -13.069353
439 -11.028657 -16.079281 -8.578508
440 -31.059843 -25.792722 -10.852163
441 -31.510033 -16.017175 -19.672151
442 -17.331663 -23.852999 -2.782431
443 -5.630212 -10.836044 2.158634
444 -10.556513 -3.588919 14.040431
445 -6.416879 5.877898 28.589272
446 -1.293488 10.487500 14.790343
447 11.942546 9.167484 -0.668880
448 9.847159 4.442076 0.002521
449 3.611661 -13.467201 -7.696466
450 11.326414 2.656666 -10.708064
451 -11.151463 -5.867268 -6.412710
452 -0.821099 -15.303149 4.687028
453 5.848952 2.888975 -0.395051
454 5.478234 7.147852 2.860687
455 17.032182 -7.835932 9.683496
456 -1.700931 -30.108462 9.355288
457 -14.294923 -16.740731 1.114825
458 -3.261006 11.772142 -15.527679
459 3.272378 15.608830 13.491503
460 22.282655 4.379282 15.134275
461 9.823969 17.271692 0.543891
462 -5.577743 3.044164 -6.270655
463 -6.418960 -10.374954 -5.668794
464 -2.380707 -6.117525 -3.173807
465 7.401218 5.007874 -6.361411
466 5.560443 11.002505 -3.971048
467 11.476447 14.362958 16.497500
468 6.669174 19.828060 9.125663
469 -2.803229 22.827980 -2.567423
470 -5.510241 0.422226 -5.207742
471 10.382153 -5.937223 -8.417166
472 -10.165296 2.150016 -1.325322
473 2.319651 -7.322367 -17.570550
474 8.441012 -21.756803 -4.190354
475 -11.164603 -2.882405 11.284831
476 8.092367 0.748579 9.012163
477 12.484962 -10.281109 2.726707
478 0.081161 -14.334758 9.030447
479 -6.837397 -11.812288 -10.489072
480 -4.591544 -17.965955 -13.538947
481 10.453123 12.392046 -10.247970
482 7.996927 -9.015836 -8.903629
483 -2.607889 -2.649733 -7.362926
484 1.124563 13.001449 -2.817581
485 -1.943724 14.466273 -14.431740
486 -6.685540 -0.547227 -17.907525
487 -10.616055 19.785507 0.409196
488 -10.837403 23.833439 -7.020501
489 3.072480 30.302189 -14.554649
490 2.558782 15.605507 -16.121792
491 6.679523 11.817707 16.765895
492 4.304469 0.199555 11.494634
493 11.481482 9.051059 -8.870231
494 24.186965 -2.743736 3.982838
495 16.193308 -5.070027 0.766216
496 0.175122 6.320533 -11.947631
497 4.726895 -2.659156 -20.397908
498 8.203048 -6.797251 -21.288981
499 4.602043 3.626739 -13.305430
500 -11.587470 -3.266301 1.646102
501 2.623972 0.537948 -22.463260
502 5.526549 -3.406819 7.861893
503 6.886326 -7.096298 21.020016
504 2.596466 -9.787218 -8.398640
505 -2.889339 0.148923 -0.608553
506 -2.140405 2.760031 -13.124967
507 4.136809 -2.830155 3.099855
508 0.474761 -2.560728 5.413463
509 11.317168 -13.822332 4.469261
510 6.654007 -9.188337 7.278517
511 -6.423263 -3.838711 -0.962469
512 -2.476112 -0.021284 -9.720617
513 -7.093809 -4.851315 11.614799
514 -3.829836 -20.259892 -4.120536
515 -1.827009 -14.021453 -1.815755
516 0.667475 2.128354 3.694603
517 8.033978 13.284466 5.257534
518 10.302699 3.003132 3.259431
519 2.510093 -1.495358 7.381983
520 11.149449 -4.106986 19.150525
521 3.623947 -0.062656 0.037547
522 19.981774 13.400226 10.768821
523 -13.535012 10.052118 -7.438370
524 0.006210 9.184291 -3.309258
525 -9.208516 -5.161894 -11.183955
526 2.565279 12.373591 2.209238
527 18.864961 7.872991 -6.107381
528 -1.791967 -13.644227 -18.820583
529 -10.443494 4.175294 -5.885563
530 -4.846477 -0.733301 -7.100845
531 6.472521 -9.939526 -0.935053
532 -13.375079 -4.385141 -2.786227
533 -17.462014 16.995983 -12.532631
534 -3.332765 6.439171 -9.638195
535 -7.365500 13.896481 13.209283
536 -3.758475 -6.188402 -4.401637
537 -0.918045 -6.346688 -8.336466
538 4.646842 -2.637572 -11.422939
539 12.682748 -17.344074 -22.469569
540 7.418423 -14.089546 -3.845198
541 -2.760883 1.605772 1.771271
542 -11.301957 -7.298160 -1.917997
543 12.864701 -0.968777 -3.540904
544 7.771306 -3.304669 -6.157109
545 3.140187 -4.943096 -1.229738
546 -4.743251 -23.409469 -9.078042
547 -0.892409 -15.188579 -5.716177
548 -5.716891 -8.956656 -6.862205
549 18.080617 -26.772970 -9.312571
550 -4.844521 -9.922058 -15.254522
551 2.290900 -0.371394 -5.571250
552 13.028487 6.155681 -4.357641
553 -1.775047 5.917964 6.504188
554 11.156267 -0.907334 -0.237225
555 -13.715841 8.311313 -16.829236
556 -21.206182 -10.478125 -14.104982
557 -17.687602 -5.149788 -11.323155
558 0.976950 -4.181233 2.132756
559 -6.702299 -12.314787 -7.019846
560 -2.080587 -12.665547 -3.544309
561 -15.894625 -17.749136 5.475201
562 -25.834939 -10.530941 9.265796
563 -4.126305 0.021973 -14.284779
564 -5.749723 5.731964 17.730209
565 -5.888969 3.203001 23.074145
566 -0.875954 12.128936 9.619059
567 -7.692453 2.029045 -1.689075
568 8.536228 2.226959 -5.417582
569 -1.412867 -11.589523 -3.479970
570 -14.213710 -21.415317 -13.521984
571 -17.980599 -11.596218 -12.336385
572 -9.957211 -26.691574 -2.066186
573 -9.421013 -4.476211 -11.204086
574 3.147158 2.106410 -19.440284
575 3.215955 -5.074119 -10.839169
576 20.790906 5.138795 12.296020
577 1.676519 9.750520 8.641205
578 -10.358357 6.145847 0.157377
579 -11.868412 -4.364721 -3.668754
580 -5.184435 -6.378512 -9.277767
581 -9.869010 13.074109 -0.531792
582 19.126884 10.354053 -11.513760
583 11.747123 -22.392506 -18.635644
584 3.538866 -30.711602 7.615626
585 -6.258606 -0.189631 -2.536230
586 0.644369 1.992536 -0.606488
587 -12.732029 4.543459 3.789054
588 -4.352098 12.381698 -4.318806
589 -0.004621 3.836557 -17.671900
590 7.273146 -0.707419 -6.400380
591 21.709282 -14.934031 -5.471585
592 -0.417665 -7.593889 -17.498020
593 -1.223734 8.379147 4.508578
594 -6.661677 16.406172 -9.149458
595 -7.555550 5.879850 -4.025297
596 -9.204510 16.768102 -11.934472
597 3.062918 19.176708 -8.414339
598 -2.228954 21.296263 -9.939692
599 -11.360981 7.430892 7.876206
600 -6.568528 -5.353052 21.000951
601 14.406736 7.243221 -4.223732
602 2.414028 -6.828848 -2.964085
603 -0.834164 -6.471157 -3.002541
604 -3.768822 -9.721125 -20.466697
605 -1.608967 -8.069255 -13.485771
606 18.736071 0.254646 -8.438460
607 -2.399985 -1.424386 -16.767405
608 -5.663024 -14.710257 -19.399192
609 3.643702 -11.049509 5.586569
610 11.955411 0.356507 -6.870649
611 7.461906 18.567121 -1.280870
612 0.226796 -6.407554 7.820243
613 4.983770 -38.366714 -8.541943
614 -0.535764 1.696632 -6.556900
615 -3.951696 0.523175 4.978955
616 8.831977 -1.763881 10.231690
617 -4.472454 8.372808 4.818234
618 -4.290701 -10.479401 -1.016674
619 -0.296110 -25.550454 -8.708144
620 5.931973 -12.129040 15.187456
621 1.036482 -15.501575 4.091170
622 8.034413 -21.064969 -2.960249
623 -1.419459 -11.095264 1.433276
624 4.740100 23.403166 9.130296
625 3.770576 7.824286 2.912124
626 -2.400122 14.636670 10.528808
627 4.177004 -10.205808 5.927540
628 13.897649 -26.318283 -5.280409
629 -3.288135 4.868885 -19.109842
630 3.593576 11.417382 2.293011
631 1.649791 5.105367 -2.885882
632 6.832092 -2.163822 -4.355890
633 11.438980 -11.330595 2.295586
634 8.420326 -19.154427 -17.276016
635 1.191651 2.145303 0.073321
636 5.030650 -2.288687 -16.150057
637 6.981882 2.147509 -10.152853
638 24.283958 8.772670 21.593757
639 -2.991878 -1.190720 6.690186
640 4.145750 -1.103967 -16.912340
641 10.506888 -2.695053 -6.491543
642 -1.969323 7.079872 -5.421369
643 1.709720 -5.564582 -2.217040
644 -0.438171 -15.336351 6.449903
645 -0.886556 -1.695676 8.530226
646 0.713429 13.928517 3.342277
647 -6.993863 20.655774 2.241717
648 -4.096779 -5.334884 -2.745399
649 -4.107925 6.191733 4.072223
650 -16.691022 13.086627 12.277109
651 -8.201948 12.544565 10.462860
652 -16.010090 -6.230621 -2.839156
653 -3.986297 -8.062414 -2.143132
654 0.100854 -4.753878 11.861173
655 -19.794236 -3.440210 -10.003236
656 -33.399660 -22.113917 1.392933
657 -15.100389 4.072618 -10.714375
658 -3.446513 1.987900 -22.953258
659 -18.483122 1.083870 9.427003
660 2.500807 9.395351 12.027679
661 4.355971 3.483414 -7.059900
662 -18.928718 -1.045444 -8.386423
663 -3.863159 -11.530851 -1.460108
664 -10.981158 -9.109973 6.874527
665 -2.620026 -9.125017 5.127843
666 -12.923213 0.042694 4.452098
667 0.912225 4.789122 6.798867
668 6.964427 3.053943 2.689591
669 2.958787 6.863932 2.009674
670 3.173556 -1.883399 -1.286546
671 -2.540027 0.651348 -0.576179
672 -6.720065 -17.882664 -5.795484
673 -1.888106 -21.535070 18.322054
674 -0.719152 6.484785 7.561705
675 0.274435 -17.737266 -19.072425
676 -8.281210 -3.692750 -15.469995
677 -7.184007 10.979504 -4.321686
678 -10.754938 12.049511 14.041905
679 -24.823930 2.723102 6.923436
680 -20.675798 -13.701444 -13.707698
681 -12.371968 -23.704767 4.544907
682 2.221419 -12.163675 16.361868
683 2.250070 -2.415612 3.874120
684 5.148051 -12.804954 -0.903794
685 -13.933732 -0.595647 -16.519126
686 -0.876516 -2.266910 -14.336600
687 4.085264 5.251105 -0.480131
688 3.361312 -9.812145 -4.446230
689 10.442506 -5.808940 8.603922
690 20.479500 -10.988512 -0.936221
691 6.227358 -9.407162 -10.884517
692 21.745912 -13.729464 -9.300564
693 9.325789 1.246003 -5.989299
694 -2.968235 16.541080 -11.206077
695 -10.616951 5.686760 -14.285027
696 -6.812274 9.106060 -12.450525
697 -12.387172 -1.244166 -11.369909
698 -0.022626 9.132737 -10.611521
699 22.424243 7.801155 -16.068889
700 -4.539429 -7.442934 -8.991293
701 -7.214820 -11.903860 -17.555649
702 12.579449 4.828711 -12.687638
703 -5.489123 12.618715 6.523502
704 0.876610 13.362753 4.361748
705 -15.487905 7.986865 -8.017910
706 -14.859293 -4.783711 -24.448502
707 -3.684063 -13.657292 -17.633004
708 -13.224482 -2.205484 -2.303828
709 1.184301 12.130723 6.960498
710 3.893526 -17.843975 4.219644
711 -5.963749 -28.072129 -7.489270
712 -21.127963 -9.417825 5.435112
713 2.540229 -19.521829 5.618908
714 16.377885 22.781509 -7.134237
715 -6.129156 20.035700 -12.994845
716 5.895350 2.801596 -14.082444
717 10.044817 5.474830 7.658199
718 21.794347 14.467233 5.258265
719 7.168621 26.680991 -0.134355
720 7.683144 24.110681 12.654251
721 17.459935 6.165822 8.713733
722 -11.356699 1.111377 10.689981
723 -1.882005 -17.340148 2.497617
724 -12.466568 -15.232319 6.063097
725 -2.350627 -2.639367 16.845524
726 2.559314 13.474247 17.637933
727 -0.725790 9.849757 10.352667
728 8.908308 0.559651 -0.397914
729 18.590023 5.923534 4.701366
730 6.713270 -2.190779 10.749203
731 -1.592798 -6.758118 1.051360
732 -1.820690 -0.625512 3.384497
733 -4.540379 -10.397983 13.371615
734 0.103715 -11.515846 -2.105633
735 9.971062 2.496511 -3.696433
736 6.501365 -0.103129 -17.073663
737 0.731971 10.390302 -14.001956
738 -4.284749 -4.341712 18.822951
739 9.115505 0.980983 11.541054
740 20.438774 0.346293 8.886789
741 22.454921 1.851776 -0.590625
742 8.339362 6.969332 3.587661
743 3.187704 7.857905 -14.685099
744 -4.120001 13.552024 -12.106391
745 4.745589 8.307704 -2.502119
746 7.000066 0.529581 -2.941650
747 18.132191 -1.913839 0.831089
748 0.500553 1.137120 11.251316
749 -4.883358 14.990340 -1.808269
750 0.354347 -3.447232 10.500624
751 -10.305521 5.204390 6.166823
752 -0.690011 -2.789065 6.831666
753 1.398369 3.760046 -4.297757
754 -3.366618 0.044777 -2.488976
755 3.814658 1.445920 -4.393483
756 6.198599 -6.770206 -0.896492
757 7.153905 -8.944060 -10.133007
758 10.926438 2.219796 25.509104
759 8.130243 -6.894692 10.774021
760 10.728331 -24.557327 10.925456
761 18.274202 6.473285 3.924023
762 31.325627 0.274759 -17.879006
763 18.348334 -4.233226 -4.292967
764 22.128602 -5.372244 7.323991
765 -6.392373 -0.887473 9.402177
766 -1.433208 2.220577 5.560476
767 4.013858 4.096980 -6.023531
768 0.676175 -11.344558 -9.639850
769 1.539142 -8.722462 -14.470893
770 -7.281147 -11.612149 -6.291082
771 -9.096222 -7.900722 27.768904
772 -8.401323 -12.367763 17.341074
773 -11.725356 0.441800 2.261263
774 -15.334140 9.852702 6.494135
775 -0.570837 11.595199 14.449281
776 -14.660577 -9.280965 17.277793
777 10.545260 -11.431533 12.349147
778 12.992681 -10.716683 -9.802612
779 14.658044 -11.767918 -16.380060
780 -3.631943 -12.438758 -7.068024
781 -1.297926 -8.955250 4.469079
782 -8.853686 8.842085 1.769030
783 7.080718 21.304025 13.528822
784 5.219753 11.521200 3.144965
785 9.346004 5.271603 -0.613632
786 6.907893 2.296713 -8.881446
787 3.221660 -4.504666 -15.409451
788 -7.764143 -1.129075 -5.531636
789 -3.361404 18.687547 8.009141
790 17.979926 8.127456 2.703652
791 10.643480 0.674956 -11.609462
792 -1.841080 -5.604591 -8.755357
793 24.066553 -11.023872 -7.177097
794 0.506211 -30.366909 -5.623267
795 -25.817392 -1.606060 5.697360
796 -15.776969 14.642915 14.637647
797 -7.581767 22.477483 5.969054
798 -6.513605 21.788128 -0.404598
799 -5.171627 10.849168 -5.598392
800 -3.194697 -8.652588 8.782982
801 3.615125 -9.759446 16.253733
802 -9.230599 5.923302 26.576020
803 -0.707502 3.039883 6.842865
804 3.096875 -0.100866 2.870365
805 10.468287 -6.499931 -15.931265
806 0.835191 5.878155 5.917342
807 9.453903 -4.355278 -0.645879
808 12.355823 19.747398 0.146373
809 5.829938 11.235036 -13.373515
810 0.025631 -4.170047 -4.030516
811 3.905181 -7.085663 -7.839482
812 -4.779867 7.894714 -11.297433
813 -15.085314 0.274923 -3.748811
814 14.617592 2.134717 7.875777
815 14.100737 7.063118 -0.069958
816 10.744313 -0.817576 -0.627080
817 2.883313 -6.956490 17.349888
818 0.629105 1.993925 3.883436
819 -20.784742 3.104419 -17.918068
820 4.438239 8.668119 -22.316862
821 -3.690218 -1.978644 -20.838795
822 -4.955128 -4.541997 8.400301
823 -24.506318 -13.690714 15.182595
824 -21.317865 -17.062305 4.377951
825 5.584449 -2.837559 -7.986837
826 12.211426 -3.385563 -5.895505
827 0.027850 1.175076 12.989611
828 -2.765199 9.108214 10.004511
829 -12.229306 14.110786 -9.554043
830 3.515263 12.214066 -6.468755
831 13.088451 18.567248 -8.761168
832 22.671291 9.190557 -8.221598
833 15.003044 -4.809982 7.489266
834 13.801814 13.769644 11.759632
835 18.303418 -1.252609 -4.994651
836 13.631092 5.109022 -16.068192
837 21.953485 21.929943 0.429862
838 -2.970579 9.441160 -7.643073
839 10.475498 13.008825 -6.160948
840 2.928237 -2.893526 -17.997550
841 -5.931125 8.066574 -13.495451
842 2.143417 23.142075 -2.943670
843 12.523018 23.084568 5.353501
844 3.562759 -12.056183 14.599045
845 -2.445822 -10.572374 -6.875176
846 4.609569 -5.793317 -8.717380
847 -0.401572 -7.579193 -22.384047
848 -9.390137 6.737878 -8.338451
849 -15.546786 10.426048 -14.366601
850 -7.645942 -3.342382 0.400824
851 -16.903377 -5.436127 23.060390
852 -2.903220 -11.808961 21.290933
853 8.035453 -18.348766 16.524711
854 -0.780302 -6.868054 -20.095112
855 4.272025 -24.038728 -21.991097
856 0.417985 -22.560308 -3.431130
857 0.581861 -2.413069 13.624763
858 -2.356530 8.081736 19.147357
859 9.975697 4.912592 30.297641
860 -1.978791 -10.211961 19.043223
861 -3.303812 -21.882285 14.618717
862 -1.325960 -3.031070 13.184969
863 -0.361265 -13.450324 -1.219284
864 4.094400 -15.247857 4.989506
865 -0.262856 0.859452 3.398627
866 17.355480 21.847387 15.439070
867 28.643861 21.325085 10.684290
868 10.154673 4.030963 1.726779
869 -7.597408 9.991929 -6.006555
870 -31.323918 -20.821265 3.808111
871 -26.249492 12.927154 7.561885
872 -13.482799 9.532701 -0.359383
873 6.967647 -1.494961 -6.720904
874 -18.264375 8.339259 -19.933235
875 -3.315846 -9.500361 -18.646942
876 -5.402633 -9.241451 1.776138
877 -10.062030 -10.967024 -9.854135
878 14.566606 -1.262699 -12.007656
879 4.217456 0.024411 0.653200
880 1.272032 1.789477 6.951843
881 5.969416 8.027043 8.840694
882 13.992651 8.303732 17.610191
883 19.168759 3.057748 -2.270196
884 12.468246 6.880218 -2.250625
885 2.230867 15.555409 -1.824049
886 1.077629 3.953392 0.089636
887 3.633600 3.393518 17.386925
888 6.579986 -15.737132 -0.448300
889 7.988078 -23.527819 3.658925
890 15.224675 -5.586034 -14.098771
891 12.405522 -10.396940 -1.540931
892 14.192995 8.699846 22.428666
893 3.310258 14.226445 -1.193835
894 1.246749 23.201120 6.459279
895 -0.162246 10.826961 -2.494819
896 -11.099313 6.795343 -1.251062
897 12.113287 -1.983537 -13.075017
898 10.021891 0.988280 -1.953490
899 3.129470 -19.407877 2.237040
900 -8.045122 -12.201125 -6.052155
901 4.037396 7.653702 -3.149169
902 -14.252711 11.440182 -8.293955
903 -19.129910 9.872233 -1.264425
904 0.207397 -5.355291 -2.287442
905 13.706817 -3.963965 -11.103892
906 -1.832518 11.013476 5.401463
907 -8.638032 1.084163 -4.240122
908 -8.014628 -10.647339 -6.271763
909 -6.018828 -10.294680 -4.113068
910 -2.703418 -12.620433 -1.351604
911 12.042181 -1.783524 9.803724
912 12.156502 13.368720 19.192973
913 -5.606039 2.274697 2.842980
914 -8.592413 19.040318 -7.341592
915 19.065016 12.113219 4.335710
916 6.554452 -1.399295 27.985916
917 4.011110 -10.325080 7.593427
918 8.321227 -3.364900 -10.183963
919 -6.231990 5.734486 6.352342
920 9.928006 13.163937 16.613655
921 -4.947200 5.098672 15.691069
922 -4.562497 9.601640 6.228339
923 -4.833885 12.648315 -3.019999
924 9.079545 -3.564942 -2.530595
925 -0.748072 -5.814593 -4.736452
926 -13.706953 -1.972233 5.805143
927 -8.264954 -1.871277 -28.198300
928 -5.856982 -2.898581 -3.646596
929 2.491078 -14.230604 8.411641
930 -9.497421 -15.950767 0.083984
931 -17.217352 1.025653 -19.464333
932 -2.450177 7.458890 -23.735159
933 5.990684 4.964540 -8.549118
934 4.706882 -13.277453 -23.490393
935 16.164358 -6.942833 -14.307956
936 -4.666763 -1.741295 -7.914664
937 -3.297285 -2.970814 -8.854350
938 0.203831 16.071513 -1.269125
939 13.220279 -0.007572 21.371876
940 6.703085 5.763549 10.076069
941 3.346343 -0.402794 9.390435
942 -2.673419 8.495781 -4.347175
943 3.695691 1.602793 -11.870002
944 6.250063 7.947115 -17.688613
945 10.454673 -3.436142 -18.166111
946 -6.304424 -4.550798 2.641049
947 -9.500994 6.669323 18.769653
948 2.930391 -4.996799 5.673331
949 9.616168 -13.419082 6.564797
950 -6.066856 -20.570425 -11.126387
951 -7.960416 -25.797224 -4.031368
952 -9.931811 -10.253852 12.795570
953 18.894951 -5.875615 18.083455
954 3.592915 0.055992 8.170985
955 35.563093 -1.948684 1.026595
956 26.585850 13.048690 7.691719
957 7.483441 -10.794418 7.158942
958 3.663251 -9.452937 -6.029843
959 1.992531 -7.634742 -13.605500
960 6.731913 2.682079 -7.170539
961 -2.955717 0.603892 4.519609
962 -3.668594 3.352094 -11.745061
963 5.613216 -10.898746 -0.901688
964 8.105708 6.800124 3.869393
965 -8.067940 5.709188 2.069211
966 -7.475200 -18.581156 -9.708191
967 0.980130 2.667478 -4.235913
968 -8.808195 -4.857072 -6.925911
969 4.808435 -1.253076 6.956688
970 12.985101 -6.715699 1.879524
971 -4.955094 -9.286959 8.269995
972 -6.846695 1.954446 -5.230753
973 3.152221 -0.015330 0.633113
974 -6.709107 -1.705432 -11.068120
975 -14.196100 -4.633537 -13.060981
976 7.356566 -8.071173 14.856430
977 4.892347 -11.076878 7.731361
978 1.149764 -16.644040 14.308937
979 -3.974484 -22.759148 2.511099
980 4.883260 1.998957 -4.644680
981 -15.480305 3.827389 -13.617122
982 1.918882 4.556206 3.077670
983 9.147277 -1.733757 -4.024272
984 -5.795201 22.229148 -2.322305
985 -0.760559 13.459751 -9.406228
986 5.796021 22.675935 -2.865556
987 2.694197 -3.472234 12.030376
988 8.310175 6.353694 -1.123664
989 5.706237 17.302968 -3.215850
990 8.387944 -2.881080 -12.822227
991 10.049789 7.828962 10.156509
992 -0.789270 0.487493 20.953332
993 -20.523770 -2.228032 6.061553
994 -26.640344 12.665792 -2.491971
995 -7.072635 25.065391 5.488508
996 -11.866908 -1.710622 -1.244790
997 -0.641692 0.548944 2.825251
998 -8.718885 1.880053 6.862959
999 -5.193726 6.094508 -10.321905
1000 1.830041 0.136822 -5.595412
