1 131.747426 344.663933 72.007891 2554265
2 57.587827 190.932309 134.538608 2554333
3 41.918354 86.565882 60.204390 2554593
4 197.542647 87.661278 110.510216 2554400
5 62.537780 130.191639 193.702701 2554350
6 269.617277 279.555899 112.655036 2554633
7 213.498500 157.753151 131.053143 2554337
8 144.208755 349.375170 52.563528 2554082
9 161.745415 109.342390 294.931494 2554306
10 185.169088 135.092515 879.865056 2554312
11 94.988992 264.971113 254.176604 2554267
12 173.178042 82.063207 161.337478 2554152
13 386.868082 106.159673 113.323627 2554240
14 196.119408 61.080147 187.850033 2554226
15 296.044725 285.223685 205.337930 2554259
16 204.706473 213.466698 69.964667 2554151
17 83.450979 89.997124 93.927108 2554492
18 268.857432 118.696495 335.052524 2554375
19 251.282312 201.715047 121.103321 2554247
20 84.401745 65.131397 113.410352 2554516
21 73.660022 74.189351 139.605834 2554464
22 358.948727 85.755864 207.550360 2554284
23 168.457061 745.862543 602.656741 2554286
24 155.610734 295.677116 121.353026 2554291
25 734.084035 107.089699 445.837616 2554417
26 142.978360 190.952783 110.829235 2554230
27 103.539152 385.823922 236.951958 2554468
28 227.201291 101.161340 112.045143 2554233
29 328.460982 105.990245 209.119310 2554264
30 196.753309 171.947810 60.185207 2554326
31 102.239747 46.970757 159.509571 2554357
32 134.240091 110.573116 165.115245 2554630
33 151.309767 131.385143 58.179359 2554168
34 279.680437 178.037679 72.574062 2554020
35 185.186152 104.645472 107.295539 2554439
36 109.045797 65.589960 65.013796 2554370
37 276.202858 51.493948 94.470855 2554373
38 85.111268 128.270688 286.740328 2554373
39 358.506742 69.770225 201.022763 2554101
40 242.507334 125.858452 120.820857 2554385
41 250.641829 186.249309 97.932557 2554462
42 164.268379 68.365230 156.743121 2554363
43 280.836523 91.334794 59.105043 2554239
44 45.214246 68.191492 47.912290 2554337
45 109.495591 45.525151 320.092125 2554437
46 99.499032 144.869131 126.484384 2554524
47 368.527279 45.601008 494.650198 2554465
48 165.755835 308.603337 29.789079 2554562
49 297.206632 152.516063 104.854926 2554360
50 64.869548 65.637692 195.166991 2554347
51 72.605548 68.518703 90.902464 2554389
52 59.541389 138.306010 50.809125 2554342
53 221.785427 168.972891 65.984223 2554347
54 92.717195 98.261200 194.191685 2554333
55 336.647835 134.664886 83.482856 2554225
56 189.606029 257.270806 155.802773 2554504
57 80.899660 372.916970 79.910612 2554182
58 91.600071 188.674773 311.946082 2554308
59 52.664866 229.957711 201.278851 2554291
60 48.598105 160.378522 133.432361 2554382
61 115.105457 434.671449 62.309442 2554438
62 76.151354 72.083496 70.709634 2554600
63 67.261314 226.466855 134.223482 2554260
64 142.965957 289.568939 503.658986 2554323
65 71.112589 185.160834 407.354011 2554233
66 96.214765 93.383247 29.138766 2554362
67 136.361663 68.730610 57.971978 2554598
69 130.495152 412.729168 117.947968 2554205
70 305.733259 464.786133 189.272182 2554428
71 316.207579 84.813899 80.463455 2554336
72 88.993429 80.962997 97.006684 2554430
73 211.171684 257.986337 116.826848 2554447
74 80.486560 98.681613 79.039269 2554103
75 58.995273 153.453554 83.146856 2554475
76 65.175677 56.340545 158.115457 2554226
77 73.138305 315.457599 368.113347 2554400
78 103.371573 219.176079 332.074914 2554459
79 120.762741 141.191235 259.807687 2554240
80 238.877217 243.606521 38.462581 2553959
81 112.389083 37.269738 188.080932 2554173
82 49.027640 60.261464 103.289824 2554425
83 327.645370 71.883924 28.074815 2554506
84 411.831677 571.581700 92.779456 2554309
85 355.435940 78.433263 112.241562 2554427
86 126.562134 223.776056 186.717882 2554329
87 71.592413 126.338464 178.776029 2554084
88 34.064218 133.312899 189.136599 2554324
89 274.452598 132.905469 172.425047 2554312
90 186.966054 292.520030 280.606974 2554203
91 148.683647 58.328122 170.655742 2554450
92 91.650114 166.925288 75.673743 2554207
93 376.583933 241.177469 144.725098 2554462
94 184.110523 200.854059 144.661538 2554356
95 146.711042 392.290799 155.859814 2554271
96 181.001744 119.393003 131.926331 2554329
97 59.165333 208.854079 238.468380 2554213
98 93.231922 107.620692 393.720949 2554285
100 44.153243 166.095785 46.086800 2554517
101 79.072562 75.182559 70.931133 2554499
102 31.951948 222.482558 116.567836 2554402
103 176.478340 185.934377 195.172269 2554532
104 273.897979 837.993990 313.006920 2554059
105 260.217169 234.012903 247.397434 2554362
106 312.159047 299.249041 70.601181 2554464
107 199.276495 79.243970 175.726152 2554389
108 186.278689 100.149840 696.216496 2554276
109 187.380926 64.881449 101.602578 2554254
110 454.952681 56.439417 191.303770 2554268
111 106.233156 73.118888 149.220974 2554340
112 269.580683 172.085616 165.834959 2554230
113 125.282550 127.258644 85.554768 2554180
114 54.384729 89.675937 77.815108 2554235
115 239.382695 48.574807 88.112150 2554282
116 160.716143 188.172212 211.923093 2554066
117 88.394719 72.610668 466.775561 2554244
118 167.245459 361.470793 143.330120 2554297
119 199.638610 117.699583 192.948206 2554331
120 858.236526 521.935637 194.325743 2554366
121 428.266815 299.355186 79.942588 2554071
122 465.160521 117.567938 96.138088 2554526
123 79.974771 405.842602 112.519371 2554427
124 51.123342 97.695365 198.318456 2554473
125 191.225628 106.876768 73.842639 2554388
126 250.915067 161.619811 56.591115 2554364
127 262.212820 94.660960 145.459644 2554535
128 241.726305 222.159130 111.293333 2554329
129 191.434096 107.484187 75.953911 2554280
130 112.337338 263.001632 115.496196 2554285
131 353.970203 116.593566 62.767054 2554418
132 73.951120 154.502500 367.262097 2554434
133 156.286054 378.546934 658.216827 2554161
134 85.778593 453.844201 432.327185 2554218
135 223.744804 51.131752 165.762280 2554443
136 349.405591 81.796487 780.392570 2554410
137 129.721245 138.548222 1444.223040 2554228
138 99.966597 145.863067 564.954529 2554337
139 358.040995 135.313351 66.313765 2554334
140 135.706123 452.002632 89.987831 2554348
141 317.012451 76.968375 197.649413 2554226
142 307.394874 207.778737 120.903926 2554243
143 80.365828 175.269706 190.295615 2554435
144 448.056468 589.484425 199.478857 2554173
145 186.500606 420.043761 212.171481 2554229
146 57.215200 67.869064 203.213681 2554409
147 50.036860 85.202511 558.305314 2554437
148 522.889467 108.509894 132.200760 2554416
149 180.772439 43.133155 267.258300 2554283
150 124.826181 118.569578 514.101615 2554270
151 64.859982 59.162433 215.744058 2554382
152 154.683703 108.826608 80.063435 2554320
153 264.642054 434.969781 334.091041 2554201
154 51.269908 381.067786 195.944213 2554170
155 165.756839 155.956101 332.221398 2554465
156 161.999678 129.564158 159.179928 2554099
157 122.486863 45.704920 87.340195 2554139
158 61.014859 150.249078 90.180528 2554376
159 96.795397 351.660223 267.363938 2554221
160 45.566000 334.866026 55.956909 2554286
161 141.766431 68.612910 101.538145 2554464
162 199.149349 118.453287 214.890130 2554243
163 87.268951 186.576358 60.991775 2554341
164 105.123806 531.538967 66.706287 2554284
165 203.571094 105.442081 130.122321 2554544
166 71.091568 449.424702 72.107599 2554411
167 83.408303 202.866184 130.603102 2554435
168 80.402135 117.652494 82.233626 2554580
169 316.873034 575.112926 102.235410 2554257
170 83.251351 740.781477 92.170799 2554467
171 66.904742 272.133582 86.786845 2554360
172 170.244424 43.027562 99.446780 2554310
173 387.236333 83.176645 335.324552 2554377
174 305.421144 71.548333 409.103732 2554593
175 331.852798 291.697521 275.834869 2554399
176 170.259435 178.762372 398.838478 2554286
177 84.433628 94.536001 84.295385 2554326
178 79.325315 48.672679 48.802521 2554527
179 87.361883 225.239891 54.048604 2554260
180 131.635989 60.183902 55.182309 2554490
181 36.943530 62.919255 100.007048 2554486
182 199.524795 32.863155 76.878900 2554329
183 168.622994 208.507295 108.897531 2554432
184 291.718325 103.383021 206.441532 2554592
185 126.891461 99.698033 119.876825 2554488
186 45.038108 117.917610 71.338896 2554633
187 163.665780 116.076169 64.536583 2554558
188 241.044602 123.668455 286.731203 2554615
189 58.836379 156.443187 111.579815 2554753
190 177.367904 257.183346 80.314615 2554482
191 59.991195 413.838478 126.061521 2554244
192 128.096280 359.929956 205.188686 2554555
193 55.546497 61.412075 161.128847 2554495
194 127.660683 166.519157 102.277557 2554447
195 122.872935 47.244135 88.305263 2554581
196 292.964827 262.953455 45.769837 2554418
197 227.359451 249.955646 166.336099 2554501
198 66.062026 96.785841 277.156728 2554757
199 96.272021 77.085521 182.303172 2554475
200 52.912594 106.006121 362.541868 2554345
201 267.124832 234.533239 88.051053 2554476
202 218.752908 110.083493 380.738643 2554614
203 110.949213 108.071863 251.393252 2554393
204 60.579343 40.249043 126.165557 2554564
205 75.089908 156.198623 152.789427 2554426
206 165.827802 194.853660 54.795097 2554629
207 120.926371 341.007779 49.243098 2554453
208 169.798202 111.682732 402.993395 2554438
209 211.219767 259.826895 54.651862 2554514
210 104.402875 259.120143 134.608116 2554554
211 43.817987 145.626498 191.805050 2554290
212 83.401906 104.010647 63.555669 2554265
213 140.428188 124.356940 59.958071 2554165
214 168.995292 33.437816 122.469410 2554207
215 196.611464 222.441993 61.103440 2554362
216 74.210532 95.437976 92.594987 2554478
217 45.334490 165.372332 74.660629 2554324
218 51.315554 1148.763251 156.801705 2554256
219 143.100116 464.143077 76.064992 2554335
220 77.725739 61.781492 185.493822 2554156
221 120.276736 40.439797 415.808251 2554460
222 164.994385 295.191918 396.281556 2554333
223 85.779271 332.349199 63.111097 2554217
224 114.963330 53.018350 153.449442 2554354
225 330.622153 61.274492 650.544419 2554351
226 56.783589 42.223584 53.032677 2554420
227 176.740768 146.199218 47.937628 2554274
228 530.623296 223.349043 80.530743 2554322
229 224.016688 82.130029 62.732076 2554273
230 105.989627 72.483997 200.356196 2554294
231 113.899298 81.633808 131.410243 2554337
232 139.878496 178.760568 137.369822 2554450
233 521.975817 168.809511 112.143879 2554427
234 371.097208 173.428576 111.568290 2554314
235 181.783744 132.502257 143.047023 2554201
236 84.057427 48.194554 182.311247 2554446
237 55.381773 99.460442 56.219977 2553999
239 279.200478 230.574867 364.158128 2554101
240 42.460023 101.072814 41.073743 2554386
241 65.527567 227.856839 244.079435 2554189
242 115.004202 212.224222 332.703145 2554148
243 196.323710 155.279480 197.560431 2554381
244 187.709835 210.197198 216.487673 2554315
245 335.635963 218.335459 259.991169 2554036
246 240.439128 121.578758 181.722631 2554551
247 145.097431 365.288686 169.077573 2554455
248 70.646121 327.619233 76.194444 2554353
249 289.586573 275.272782 137.665129 2554156
250 137.004121 90.240453 195.951492 2554265
251 243.173437 103.608522 114.423464 2554294
252 24.788246 43.411895 144.939331 2554252
253 54.738010 114.283599 482.204387 2554221
254 185.302259 87.520405 152.856209 2554491
255 356.157198 80.561323 201.933913 2554505
256 193.761633 83.982215 115.871511 2554215
257 114.491621 133.114424 155.573025 2554072
258 48.315194 65.779098 55.172006 2554095
259 180.360768 63.198741 140.553320 2554343
260 105.670953 63.543097 175.564070 2554311
261 589.611018 181.590472 140.815658 2554295
262 188.835688 98.953970 51.431659 2554297
263 646.143450 59.052369 351.258479 2554301
264 317.281609 96.172002 423.923591 2554364
265 128.350299 232.598113 183.847683 2554313
266 298.637785 343.097466 71.455179 2554502
267 280.557894 110.911452 80.589737 2554368
268 124.370845 142.218180 79.278175 2554378
269 131.896124 291.397954 280.687826 2554195
270 91.590218 137.440295 93.074805 2554241
271 149.564128 171.343403 129.675513 2554203
272 308.537982 99.149982 199.575453 2554459
273 60.310331 145.750751 322.567381 2554312
274 129.524042 51.446720 106.194855 2554357
275 53.529645 84.430721 52.196631 2554454
276 370.656588 82.778619 97.976684 2554190
277 319.774895 68.519015 337.038547 2554208
278 159.310892 100.331847 43.194125 2554486
279 59.507863 42.841013 307.906691 2554489
280 82.708030 110.647381 93.515392 2554093
281 51.729638 263.685519 93.792428 2554297
282 61.397942 355.620728 117.332475 2554127
283 170.103447 132.714785 57.257245 2554439
284 299.604341 85.879833 81.148230 2554459
285 403.551038 246.407148 122.340644 2554503
286 121.721016 201.336177 143.445580 2554501
287 110.743925 188.993480 477.479304 2554530
288 78.843342 59.471015 614.339471 2554461
289 62.060654 248.753650 129.233956 2554386
290 153.422313 642.878614 194.415868 2554411
291 129.086299 132.491316 147.768382 2554476
292 87.464092 268.377906 102.759820 2554604
293 164.548699 299.355950 50.293368 2554517
294 50.513109 111.506129 88.456758 2554450
295 105.170357 130.226791 107.885825 2554430
296 200.916945 315.368401 126.066948 2554435
297 131.329634 84.592945 347.035482 2554280
298 99.489108 158.001158 397.920256 2554122
299 40.202049 96.005995 395.415612 2554357
300 188.457498 226.063352 179.132069 2554221
301 256.095894 106.437960 38.747657 2554191
302 236.946628 123.531936 56.092012 2554322
303 96.003708 173.724201 77.787024 2554326
304 96.280246 114.380239 143.782023 2554275
305 246.052283 512.858299 259.505013 2553899
306 126.184692 54.568681 99.389977 2554383
307 272.644365 48.524815 105.154557 2554278
308 392.548720 412.053270 289.345038 2554145
309 239.801828 321.778412 257.003826 2554431
310 662.093169 112.117147 301.436371 2554323
311 90.560144 94.516764 544.957158 2554287
312 44.174459 51.383247 82.563886 2554427
313 152.804262 682.595053 80.986694 2554303
314 33.677289 284.971046 167.718381 2554169
315 59.091898 247.493551 116.412766 2554304
316 43.132979 29.292890 397.495339 2554381
317 93.551081 128.417480 353.962077 2554604
318 114.303631 109.053406 91.929216 2554445
319 98.634073 942.180031 199.483850 2554369
320 46.755291 111.883292 148.394206 2554318
321 64.648931 402.919339 77.435890 2554060
322 97.100640 365.985558 173.930063 2553983
323 148.853453 287.634587 54.260568 2554423
324 82.934459 309.923018 289.886329 2554446
325 293.654811 171.221315 389.525997 2554083
326 153.606319 101.334867 134.376883 2554245
327 202.355680 104.755756 154.605378 2554279
328 384.528131 180.821975 180.270731 2554236
329 406.013245 115.694292 787.983126 2554273
330 196.449959 432.701677 228.386317 2554248
331 55.528082 91.706664 310.754310 2554186
332 58.283970 155.988178 608.845335 2554399
333 29.676433 466.932052 923.962379 2554300
334 246.601307 88.771729 728.271485 2554146
335 80.773770 67.357632 143.428253 2554213
336 174.774446 255.729043 336.588949 2554501
337 183.718847 29.280558 491.804751 2554151
338 242.799387 436.709080 470.700841 2554260
339 212.317057 80.091946 138.852592 2554440
340 39.263349 160.061465 351.694831 2554392
341 162.797846 258.410658 253.563716 2553966
342 535.270643 88.848617 60.627400 2554449
343 71.342551 92.753820 72.575841 2554351
344 198.894884 44.238642 248.216334 2554056
345 66.807988 100.792597 206.452389 2554594
346 206.234073 109.236830 185.526923 2554304
347 85.992247 442.850120 120.603484 2554313
348 143.640898 441.593139 132.352056 2554544
349 159.558543 62.232145 151.001825 2554441
350 81.298323 122.135404 137.095316 2554149
351 293.856672 111.822988 426.011766 2553869
352 194.433392 83.378006 23.177528 2554375
353 78.006213 307.846793 73.627001 2554285
354 59.749394 71.835533 280.064691 2554615
355 184.025937 317.628790 95.922649 2554112
356 279.732565 176.758401 419.566897 2554230
357 57.718175 229.692796 137.664014 2554206
358 114.383173 94.237805 123.681298 2554471
359 103.714687 110.893921 123.218960 2554380
360 169.781399 104.504446 60.875542 2554396
361 182.774093 128.612768 63.789657 2554126
362 145.989823 128.614964 102.739350 2554258
363 127.837160 87.693386 84.945204 2554545
364 163.387425 153.765137 72.985953 2554108
365 85.706847 160.065425 52.954547 2554265
366 198.324878 103.397557 188.041534 2554367
367 169.144327 45.804212 121.204482 2554233
368 156.909531 56.527238 86.935970 2554295
369 64.054079 274.411101 223.148961 2554484
370 350.195199 408.833732 64.811839 2554246
371 102.654545 87.940128 455.131174 2554126
372 487.092106 165.039262 212.195235 2554294
373 442.888922 123.998945 127.482653 2553993
374 250.191223 84.731287 49.659672 2554256
376 437.180694 605.237536 63.704011 2554247
377 101.278040 165.639255 78.360388 2554550
378 189.141775 387.583442 119.218705 2554330
379 58.604869 127.369475 252.638211 2554097
380 68.304215 141.328424 400.061087 2554211
381 45.901630 258.940620 102.010367 2554262
382 170.048005 50.365688 120.159155 2554402
383 180.231783 85.958175 117.328094 2554278
384 38.914120 179.035230 124.307286 2554318
385 35.920366 114.814277 129.920750 2554303
386 52.522455 45.239555 131.399360 2554331
387 345.426023 163.006141 404.472880 2554068
388 257.147521 112.091172 103.741836 2554282
389 147.222642 44.509772 233.764950 2554096
390 157.403723 156.392753 102.425756 2554157
391 146.427451 140.877537 47.402294 2554509
392 71.192277 97.306336 596.215667 2554384
393 110.929109 151.754601 211.818105 2554521
394 195.482032 102.647336 109.017279 2554207
395 50.569017 352.770210 106.489901 2554343
396 257.505902 242.791583 208.011190 2554220
397 93.732001 85.937712 116.534785 2554449
398 126.144201 255.587115 86.228413 2554068
399 185.017371 162.826525 80.713363 2554093
400 315.614152 527.994884 137.565112 2554325
401 250.825007 286.215537 346.281919 2554173
402 576.055988 129.312659 291.709584 2554345
403 646.303352 156.151909 40.324120 2554453
404 337.196512 167.327155 155.630172 2554405
405 338.674564 186.443824 369.543303 2554333
406 296.059239 187.563624 215.008413 2554179
407 120.259907 67.683391 158.193295 2554242
408 125.769797 110.742784 118.077647 2554244
409 64.803474 116.996809 101.257940 2554285
410 87.142499 231.932186 159.347729 2554440
411 136.331324 107.560774 84.923194 2554469
412 418.672129 89.867076 118.605856 2554288
413 100.054859 406.672453 70.292293 2554299
414 162.481632 130.765874 89.377056 2554499
415 122.882340 208.654174 187.150541 2554448
416 142.664236 141.361116 145.667985 2554396
417 74.527161 79.261038 206.947994 2554273
418 62.690348 370.488876 181.243813 2554105
419 251.910708 80.666637 82.531200 2554347
420 98.770105 43.851104 46.282854 2554333
421 300.108173 168.173069 45.257400 2554177
422 254.509772 82.116519 102.737693 2554456
423 138.258462 208.705378 119.909719 2554203
424 130.262704 186.876402 81.764263 2554546
425 113.995963 356.184885 97.064376 2554225
426 340.338009 277.842523 211.348703 2554340
427 240.915558 125.295435 35.849727 2554318
428 350.938970 295.949972 191.657636 2554230
429 63.957427 111.144725 73.743216 2554497
430 251.611736 110.336054 152.611323 2554296
431 260.054400 406.049951 145.965294 2554311
432 168.036875 90.570621 75.884438 2554254
433 386.831663 129.507253 103.693097 2554323
434 224.000765 136.677467 182.325673 2554358
435 89.764369 197.656051 56.388245 2554449
436 181.876571 209.838245 289.174790 2554408
437 265.290580 442.328218 177.669237 2554271
438 199.885610 139.790094 304.333661 2554323
439 119.400206 81.428207 623.089477 2554445
440 117.222377 86.294759 303.980663 2554480
441 139.348046 128.510878 49.385187 2554302
442 145.723096 239.540801 95.477273 2554248
443 138.973162 802.316949 86.906710 2554382
444 81.145697 344.499755 68.126271 2554236
445 115.716031 159.741321 96.222423 2554262
446 564.292938 30.941605 189.636403 2554442
447 808.143669 62.611920 186.828392 2554120
448 97.615738 165.185303 278.050991 2554220
449 103.079274 43.623145 144.913298 2554414
450 219.383111 100.468909 310.667711 2554330
451 352.165128 62.358000 62.225793 2554117
452 86.125020 41.973655 90.127152 2554351
453 102.371732 271.802048 112.391247 2554173
454 83.419647 386.724439 219.691414 2554134
455 72.377877 281.680443 242.280433 2554268
456 81.493392 97.574181 152.366607 2554409
457 104.515098 154.937655 776.605012 2554136
458 266.722185 346.070992 217.966598 2554095
459 243.223508 303.104632 42.401950 2554601
460 80.649102 107.634469 120.771043 2554066
461 227.703544 411.320377 142.485295 2554496
462 90.048923 129.076669 222.302827 2554377
463 164.232612 272.243613 75.827747 2554457
464 140.606889 54.153501 81.156093 2554487
465 295.740230 162.575970 115.876487 2554075
466 617.701554 86.818601 73.709449 2553951
467 185.637000 131.721967 50.804657 2554429
468 776.757069 181.623625 76.268561 2554311
469 171.853344 66.429978 217.595827 2554326
470 81.069673 250.327128 216.967328 2554374
471 157.158073 237.380564 105.615449 2554382
472 328.075745 145.051868 206.767791 2554297
473 173.466293 65.979460 77.347612 2554242
474 272.208994 121.883299 95.131224 2554473
475 205.080646 69.648956 188.697280 2554249
476 62.308943 214.346539 220.726423 2554226
477 245.284547 89.073915 66.796105 2554299
478 154.472046 113.823227 63.162269 2554244
479 273.336746 33.780650 55.679204 2554069
480 125.803627 199.658917 343.413588 2554358
481 212.790979 359.717267 93.504587 2554230
482 146.809769 156.644168 143.604286 2554424
483 56.629328 60.976777 192.166539 2554397
484 63.761592 89.547068 39.293865 2554207
485 66.340048 50.560001 139.603774 2554208
486 53.808660 104.212389 57.552456 2554270
487 306.378704 219.973183 498.302035 2554143
488 463.035600 96.187203 170.766784 2554276
489 810.926259 217.047486 55.974260 2554184
490 708.602870 740.905408 99.688479 2554167
491 243.127262 189.334948 189.581010 2554131
492 62.976571 311.489916 114.236973 2554456
493 227.694340 143.853703 97.478355 2554369
494 137.449762 203.146441 67.250337 2554177
495 199.668215 65.507023 145.360499 2554159
496 168.463485 82.328769 42.630030 2554272
497 1075.025087 134.643655 97.773026 2553966
498 266.329937 134.003397 110.520543 2554058
499 99.504240 75.175662 58.491960 2554440
500 87.154765 54.240652 461.067619 2554405
501 132.343316 311.205125 365.129202 2554254
502 99.814666 324.530937 146.132365 2554147
503 182.961305 62.778770 57.816968 2554283
504 105.214741 46.831770 92.930688 2554291
505 717.519488 51.190582 132.391799 2554317
506 273.729755 537.483920 211.573882 2554118
507 256.579588 424.016386 216.585870 2554204
508 695.048214 188.532257 321.737261 2554073
509 76.030456 327.115670 403.538545 2554267
510 106.868461 29.186957 283.584883 2554206
511 128.482449 56.673110 218.048992 2554367
512 261.331974 47.895524 116.232392 2554427
513 78.456529 360.057576 34.554133 2554317
514 78.425072 133.015625 230.488236 2554000
515 102.361081 51.700070 177.496804 2554402
516 236.024317 395.412788 93.477095 2554226
517 68.171745 214.149747 529.337610 2554113
518 230.824380 163.136953 65.516301 2554433
519 295.383539 52.249732 157.285854 2554114
520 109.446870 135.982975 111.044159 2554524
521 336.420561 39.391574 243.870717 2554360
522 253.254200 69.535151 115.830262 2554298
523 48.850743 149.766470 151.710466 2554441
524 70.499186 219.819182 35.767451 2554156
525 90.632141 30.701324 338.923506 2554379
526 238.471495 32.556819 99.151092 2554407
527 102.230521 74.407184 114.206960 2554103
528 100.887171 74.737591 94.365556 2554298
529 470.218225 266.874188 150.585737 2554389
530 869.348307 95.644373 231.449617 2554210
531 300.605799 365.982717 216.829801 2554039
532 178.687820 83.814841 83.033249 2554275
534 168.230968 101.922191 225.161454 2554486
535 283.484495 139.597806 177.026074 2554443
536 69.145101 146.345102 124.311607 2554238
537 211.196132 283.241594 145.040422 2554365
538 271.252352 577.569428 292.650050 2554333
539 115.011974 91.288193 63.702166 2554466
540 68.123081 343.579381 359.518239 2554148
541 102.737762 98.469207 63.362905 2554212
542 239.194650 50.002605 61.309246 2554242
543 166.617119 204.785794 269.584454 2554305
544 305.173181 257.864219 147.292903 2554173
545 629.031906 82.546224 50.548137 2554185
546 945.648143 48.014961 76.006523 2554387
547 300.086822 27.172080 256.442609 2554290
548 183.360962 174.749527 362.757423 2554371
549 96.084532 104.300481 256.207119 2554486
550 33.229609 256.525855 50.939652 2554167
551 204.945535 179.657276 131.597859 2554470
552 296.678716 214.918735 118.448570 2554069
553 164.499155 326.528501 121.843199 2554342
554 283.788983 314.246024 165.322724 2554271
555 62.875296 114.053342 123.774639 2554390
556 374.411834 137.076406 137.171455 2554287
557 33.571154 43.484341 75.039418 2554258
558 60.120786 113.301866 70.378910 2554369
559 79.565604 181.177020 55.423505 2554347
560 266.104022 76.677441 47.440299 2554251
561 210.353218 291.631558 160.196120 2554394
562 161.756104 123.868286 339.595829 2554338
563 88.301215 601.922318 493.345001 2554400
564 181.056801 384.064471 124.343445 2554222
565 238.760735 46.907457 104.372581 2554323
566 70.926345 111.628320 560.820010 2554273
567 520.343669 80.772953 237.907963 2554429
568 68.325105 338.916645 95.930804 2554012
569 157.416176 66.034363 405.456190 2554221
570 281.030119 124.598886 160.070851 2554335
571 165.441600 196.605179 283.874732 2554200
572 168.871812 132.013537 99.085012 2554336
573 104.750193 49.076764 534.381627 2554261
574 129.431803 352.262179 213.675872 2554411
575 75.237286 438.618093 88.816207 2554318
576 204.968586 56.934878 93.749308 2554278
577 117.135798 55.859693 101.581711 2554043
578 185.864387 151.843524 473.944089 2554329
579 52.839662 45.102661 296.210200 2554307
580 76.725740 39.881378 184.712431 2554157
581 84.270131 51.067470 160.221713 2554344
582 179.148529 135.466435 68.662534 2554162
583 153.541010 133.266160 290.760107 2554330
584 168.940353 112.227675 367.735493 2554127
585 114.529505 91.524758 239.206245 2554208
586 178.253036 160.419577 133.028808 2554360
587 372.453354 676.620698 255.821078 2554170
588 508.764255 88.427489 147.605490 2554443
589 84.436469 139.081924 107.629894 2554284
590 72.660295 210.007977 121.344267 2554189
591 199.900184 376.256932 169.844449 2554478
592 106.248095 193.478560 367.927892 2554288
593 115.732894 190.188626 504.998022 2554339
594 478.774183 146.206560 175.781681 2554243
595 86.107931 265.590678 69.083706 2554113
596 116.187752 340.234425 169.484557 2554455
597 182.684086 131.100422 68.922419 2554220
598 207.537936 268.636666 242.421348 2554463
599 447.792072 144.193455 54.342740 2554335
600 163.026715 57.404596 126.193674 2554380
601 183.362440 204.455022 356.186727 2554336
602 131.718790 284.230902 155.977418 2554219
603 374.073307 134.188720 67.415576 2554278
604 153.358355 179.598228 42.849684 2554421
605 258.908174 53.114453 107.710311 2554294
606 401.616812 127.935501 101.743823 2554190
607 120.020343 78.628226 415.933835 2554371
608 697.946306 875.317891 53.558360 2554310
609 226.842685 302.619956 71.408885 2554221
610 460.372338 119.034909 94.454920 2554328
611 103.887102 157.642442 76.610921 2554572
612 91.405739 57.830985 61.972719 2554356
613 121.701270 484.733749 46.948093 2554545
614 51.060973 148.870269 147.862303 2554156
615 63.157187 206.717038 72.609667 2554420
616 45.250500 58.500932 50.894180 2554305
617 162.634926 166.714475 72.729873 2554187
618 107.662307 86.356688 113.616366 2554330
619 371.067169 124.456994 440.038562 2554245
620 94.204876 110.296140 184.363288 2554286
621 144.750417 125.705015 89.367038 2554345
622 257.640614 163.532969 72.010285 2554487
623 223.358480 85.042781 219.816895 2554259
624 94.567247 182.289405 164.871533 2554195
625 959.936631 96.644615 364.110181 2554003
626 366.149940 102.899255 64.023420 2554333
627 340.441521 78.040398 134.718579 2554060
628 290.125995 28.758029 97.429069 2554310
629 54.298592 111.907215 328.354059 2554401
630 217.622975 159.184422 146.791808 2554247
631 250.864139 80.868782 112.785837 2554410
632 122.304800 103.979459 500.331769 2554407
633 431.352852 91.890315 670.883859 2554191
634 422.699696 157.073834 211.963816 2554157
635 539.252901 169.534675 203.684672 2554461
636 543.717472 218.695324 418.750477 2554403
637 195.985061 158.051256 98.913777 2554292
638 698.538593 52.604024 95.931863 2554498
639 95.700211 73.543316 88.658288 2554283
640 128.568153 193.484162 109.420578 2554240
641 64.351836 84.896985 163.648309 2554272
642 56.066664 222.609196 64.462627 2554373
643 126.146255 140.890434 55.248175 2554064
644 236.507035 202.067288 237.565269 2554278
645 173.993084 125.241610 218.451089 2554022
646 268.787005 48.778900 212.018328 2554241
647 258.427735 351.972303 108.232893 2554029
648 540.638712 66.131318 140.368608 2554372
649 201.052599 265.148492 52.107676 2554273
650 115.074696 95.053517 285.418404 2554436
651 148.033667 33.604167 94.492339 2554247
652 134.593262 70.985223 140.881630 2554370
653 246.479008 85.913512 103.721140 2554081
654 405.586994 65.125003 55.477648 2554441
655 806.355635 251.496300 129.462765 2554192
656 156.615581 113.583123 225.862402 2554522
657 67.836026 289.048362 52.867589 2554459
658 64.578222 185.954990 219.989908 2554460
659 49.021111 179.922052 236.027154 2554160
660 162.414642 126.042178 483.719947 2554305
661 51.861369 84.776924 450.666630 2554533
662 115.533884 93.047780 328.394112 2554114
663 53.384059 394.249548 594.242279 2554520
664 454.762416 192.845105 354.310826 2554154
665 57.346978 421.357838 86.818959 2554218
666 216.347149 138.329797 203.848966 2554241
667 150.123310 84.913680 99.884626 2554343
668 175.938384 407.214166 73.700824 2554428
669 202.008976 162.816630 165.066559 2554335
670 46.726491 145.798114 103.022567 2554536
671 370.551426 244.886888 103.613823 2554306
672 139.313784 199.965722 85.967265 2554330
673 123.845007 357.208494 63.188161 2554352
674 61.682978 411.865321 64.547093 2554243
675 244.304860 297.332536 135.228155 2554096
676 139.896810 307.865240 25.298780 2554417
677 122.891451 94.308346 56.895121 2554232
678 93.365571 34.257130 137.661393 2554193
679 334.314586 65.001154 315.865166 2554126
680 74.403528 44.949965 102.388398 2554230
681 233.658092 30.063285 71.141873 2554211
682 304.885222 95.590786 333.838487 2554449
683 240.453325 48.853713 52.176832 2554366
684 649.109932 83.188252 118.215481 2554185
685 207.037656 63.469263 68.293381 2554289
686 101.591356 75.866071 194.074460 2554594
687 114.360289 42.525858 291.512790 2554315
688 46.863344 118.623346 245.186910 2554278
689 32.840945 44.255710 251.508399 2554221
690 116.332596 73.973012 39.977410 2554399
691 110.109395 97.536520 79.771332 2554284
692 454.940287 134.824848 69.787109 2554438
693 92.982773 512.254370 178.318713 2554312
694 195.692019 391.219943 39.730479 2554359
695 48.854867 79.661708 47.776135 2554424
696 348.144186 92.100205 85.462124 2554209
697 53.007276 129.445479 98.786822 2554271
698 127.380472 81.715329 256.185231 2554416
699 147.052319 516.562112 48.283996 2554492
700 323.071613 170.142126 516.519117 2554233
701 54.450332 730.417277 154.354390 2554221
702 139.921568 197.528394 524.555959 2554395
703 104.495470 72.234513 82.442671 2554301
704 232.155256 101.178357 163.341170 2554337
705 225.629581 57.536243 144.476371 2554389
706 324.307097 82.133643 77.400534 2554184
707 115.598912 81.619598 221.920738 2554396
708 199.456158 141.874477 100.301439 2554176
709 49.267435 200.610606 51.198105 2554226
710 185.953278 124.142555 158.551650 2554213
711 219.428288 144.254240 165.080994 2554487
712 54.715085 101.597295 134.739152 2554277
713 61.568848 284.938498 338.424404 2554324
714 378.566400 104.005117 273.524749 2554329
715 297.328550 76.786155 489.464667 2554332
716 54.989206 322.811150 58.306047 2554165
717 46.848044 463.065012 178.598252 2554327
718 88.884249 184.673219 735.158227 2554202
719 119.184702 135.842543 476.442064 2554120
720 174.600734 108.762117 177.668943 2554225
721 258.092231 96.093755 131.621514 2554174
722 375.372101 127.813034 106.170270 2554407
723 400.879161 129.275104 108.378770 2553986
724 165.514394 40.420175 111.433690 2554094
725 133.537388 126.725642 87.046811 2554297
726 172.731089 60.299827 156.042318 2554463
727 42.903925 74.382083 200.759431 2554246
728 86.407053 141.603738 94.697685 2554372
729 47.464966 41.789670 142.837610 2554123
730 180.054312 104.079268 99.228720 2554076
731 518.980768 84.284909 124.284780 2554176
732 524.686405 159.794252 182.996627 2554505
733 173.137754 428.964024 344.832191 2554461
734 557.189788 209.330219 96.623868 2554333
735 239.074166 93.540577 151.836397 2554504
736 169.518536 279.847717 66.934540 2554137
737 137.895600 180.970480 47.389163 2554349
738 165.472367 112.925900 680.714329 2553912
739 102.289206 155.505431 29.367051 2554102
740 69.183797 337.679580 318.378974 2554413
741 368.658908 126.928582 218.802362 2554104
742 367.316733 51.443313 292.364829 2554227
743 119.839969 103.552849 73.228464 2554322
744 38.439608 78.971559 108.751051 2554215
745 57.073828 110.744049 284.851757 2554472
746 155.634424 103.481504 369.108531 2554317
747 99.432818 111.128288 112.588867 2554489
748 95.863011 217.457761 277.227224 2554049
749 64.499496 146.878204 174.785699 2554138
750 192.948337 96.515677 445.558550 2554482
751 222.096668 66.211517 131.799962 2554363
752 53.626111 49.966655 142.357184 2554298
753 110.053254 242.169033 60.815580 2554412
754 46.641987 39.532648 195.409132 2554363
755 467.456798 125.114831 70.064289 2554216
756 154.207128 100.623639 69.744745 2554335
757 134.434341 53.651700 452.938506 2554394
758 67.353217 82.509839 111.757165 2554279
759 222.625455 205.954845 102.925509 2554404
760 388.206678 80.348056 268.966039 2554348
761 171.934562 351.164865 58.062182 2554056
762 76.240889 166.557583 95.554381 2554269
763 197.680442 66.014743 231.849087 2554317
764 67.472519 90.089694 279.982793 2554358
765 62.494851 115.475485 122.981812 2554398
766 77.234226 270.744698 60.989054 2554432
767 169.931769 358.024403 105.166640 2554377
768 34.516306 115.913693 139.807914 2554385
769 58.274176 51.901562 249.066389 2554213
770 120.140986 186.159551 77.098662 2554176
771 93.963846 65.120713 67.099454 2554443
772 203.758447 43.428783 112.984108 2554284
773 83.694493 85.768798 63.181388 2554298
774 280.712670 134.307479 56.416988 2554322
775 162.024359 52.911470 49.299946 2554286
776 68.390061 402.814600 121.569206 2554573
777 212.328315 66.914017 153.618200 2554253
778 97.258558 107.477765 68.818364 2554147
779 271.164575 137.219732 131.901911 2554419
780 159.275201 298.001015 383.004706 2554532
781 524.807047 112.211782 132.023188 2554378
782 166.668354 297.789583 114.589566 2554171
783 130.723548 70.916562 189.536941 2554312
784 135.566468 120.051483 119.472558 2554356
785 74.145377 81.862636 163.604014 2554299
786 385.350277 175.782856 53.677991 2554286
787 98.426165 148.685920 90.921499 2554151
788 694.704034 138.910458 57.720919 2554436
789 298.719351 221.059238 66.280192 2554407
790 184.260872 103.338819 93.012827 2554533
791 207.469608 478.830117 204.576546 2554342
792 128.252810 108.647537 176.283194 2554253
793 485.691099 52.175925 317.474849 2554314
794 86.933870 195.787640 151.848273 2554152
795 231.030369 194.040259 51.267421 2554345
796 98.327622 280.519279 249.735796 2554327
797 115.865714 319.528360 832.392791 2554280
798 136.964816 61.078542 257.546142 2554237
799 165.506553 78.285733 114.131745 2554410
800 147.493858 218.195625 350.072296 2554391
801 197.409082 61.735422 158.175069 2554233
802 254.583964 316.874403 610.770591 2554224
803 69.559162 209.855685 193.198922 2554199
804 65.540095 450.112675 56.334577 2554271
805 366.289201 109.006997 141.514142 2554454
806 263.597615 81.933312 147.007856 2554621
807 307.215725 68.784429 249.003195 2554577
808 86.323272 84.161438 137.939863 2554383
809 299.454535 838.155419 206.691811 2554371
810 333.445384 151.827069 105.528505 2554287
811 391.372700 90.335242 270.157717 2554284
812 170.440903 155.600980 171.748290 2554262
813 263.436436 103.777018 181.360983 2554195
814 573.556708 117.685252 114.433968 2554364
815 505.745346 81.913743 70.696059 2554419
816 229.265948 156.756477 240.246203 2554369
817 79.260389 79.591214 266.663898 2554282
818 117.588127 146.669618 136.780586 2554393
819 224.997859 82.908855 459.128826 2554293
820 89.233751 494.511523 299.477357 2554144
821 82.184322 90.857943 52.717112 2554374
822 51.934302 142.546892 170.938740 2554365
823 187.558933 302.615682 80.234866 2554140
824 137.850751 486.561983 81.106543 2554239
825 91.645197 163.736749 510.111737 2554540
826 112.211472 376.481302 137.365864 2554426
827 69.121673 100.447662 333.063804 2554209
828 121.258737 229.647820 58.364507 2554191
829 161.785838 83.623185 161.959656 2554286
830 229.859330 349.304452 207.911611 2554287
831 136.828611 284.000496 127.572232 2554112
832 40.451591 113.348332 485.990566 2554243
833 101.932259 151.108090 416.043687 2554182
834 122.002202 147.711838 84.987701 2554278
835 158.703713 89.735611 45.717090 2554181
836 136.360453 111.909345 414.489405 2554247
837 679.017876 482.023415 1604.798359 2554145
838 334.006909 226.580784 68.709534 2554132
839 142.952447 252.732650 182.948809 2554211
840 200.523852 147.546762 186.198933 2554433
841 195.814441 271.704245 201.513001 2554108
842 171.062025 231.136690 156.794365 2554314
843 103.161231 164.482281 493.782503 2554171
844 140.977401 37.347526 147.293830 2554419
845 127.169804 229.536844 55.064143 2554372
846 171.408334 142.331524 752.303562 2554296
847 320.087372 182.643684 158.740552 2554099
848 172.890897 61.600126 167.191873 2554426
849 226.833717 271.204007 62.350951 2554212
850 102.199805 432.473862 210.604691 2554463
851 105.509628 1278.046443 558.948559 2554322
852 220.634036 58.384969 178.928403 2554034
853 220.864440 413.653386 293.234429 2554178
854 132.110293 155.951382 203.388509 2554137
855 46.088949 139.298106 738.617654 2554333
856 251.279801 100.140771 274.106241 2554275
857 245.760789 39.309701 298.687494 2554411
858 296.606341 297.746656 51.532559 2554346
859 148.302606 354.442320 119.549241 2554402
860 44.140830 193.914867 137.208063 2554300
861 68.819057 151.151400 70.758701 2554047
862 47.041914 61.251007 76.159994 2554353
863 186.324361 146.484176 184.051752 2554254
864 115.560262 28.611596 208.326856 2554152
865 150.945486 143.130318 117.651142 2554463
866 177.743379 105.980342 56.978370 2554283
867 102.115389 79.699690 239.125115 2554431
868 99.387576 109.461451 232.550597 2554300
869 378.203273 335.467680 71.518168 2554072
870 198.268932 214.465246 192.975742 2554373
871 311.849035 302.480648 78.413734 2554275
872 261.946679 189.872136 139.716415 2554201
873 162.340660 479.702939 245.959172 2554461
874 216.460569 816.957724 84.287947 2554255
875 436.646152 183.430819 497.381743 2554401
876 274.390957 124.199108 167.238749 2554309
877 80.408182 185.397830 55.876207 2554299
878 67.269572 209.566413 113.107516 2554285
879 39.822249 111.507069 493.637902 2554290
880 176.189423 289.097358 155.121674 2554223
881 154.761745 133.728492 146.948120 2554181
882 73.041353 89.258274 81.189455 2554391
883 107.828250 288.680452 79.155618 2554320
884 66.485326 83.199230 311.853300 2554456
885 74.046016 82.129994 271.621641 2554273
886 81.766580 84.714564 276.450696 2554248
887 198.082246 324.663267 688.275617 2554185
888 323.616746 173.328429 276.600585 2554107
889 254.949077 169.415360 86.246235 2554517
890 97.556985 144.123085 80.414919 2554261
891 126.875038 110.585112 66.900757 2554468
892 159.414654 138.753147 62.271985 2554353
893 98.353447 235.406760 66.594643 2554305
894 353.019008 136.265666 401.367136 2553929
895 112.979923 121.075514 491.254982 2554371
896 153.183867 338.624564 59.726792 2554186
897 252.583240 163.615208 250.576967 2554234
898 126.850624 141.372058 120.054397 2554300
899 89.351939 50.224446 95.278280 2554377
900 180.472815 318.819769 173.231223 2554128
901 145.220157 179.415087 211.446545 2553985
902 154.138995 58.919969 75.059794 2554092
903 105.743425 150.232271 102.589859 2554300
904 181.831209 251.968354 121.732000 2554179
905 135.521634 183.053355 105.786276 2554125
906 177.850847 322.311069 122.905101 2554137
907 141.762920 304.398065 106.564780 2554406
908 323.025683 106.740944 78.887297 2554261
909 207.810877 333.149570 131.950627 2554257
910 105.032799 93.611080 205.471336 2554152
911 103.752340 188.172127 237.975316 2554176
912 108.140321 46.278651 124.107777 2554434
913 267.623590 88.655616 167.338033 2554394
914 256.393090 505.854855 145.333841 2554365
915 853.562030 46.988754 80.186826 2554168
916 354.221235 264.614120 114.292673 2554276
917 212.901103 136.467737 110.031125 2554323
918 167.044452 170.767489 322.077140 2554318
919 75.251321 114.517751 183.788921 2554241
920 398.661161 171.153589 161.649768 2554520
921 158.787787 90.707599 979.072496 2554148
922 602.260199 68.548286 325.408655 2554086
923 431.350728 46.636098 160.963247 2554335
924 58.554032 176.508756 180.375353 2554153
925 79.116649 103.338722 439.972708 2554443
926 97.694692 239.504217 553.057760 2554411
927 54.425711 191.168227 101.645185 2554347
928 135.375452 165.641933 85.591242 2554419
929 114.194262 129.674826 78.474518 2554400
930 97.586458 477.100038 146.535282 2554196
931 89.363215 64.434104 221.279595 2554488
932 107.490674 45.323921 228.479502 2554258
933 81.307797 105.131221 234.275854 2554237
934 141.507924 700.097698 224.241861 2554309
935 109.413839 477.221185 247.672307 2553949
936 41.751371 53.013938 83.310746 2554404
937 106.256216 81.800062 67.390050 2554412
938 223.790775 443.180305 183.429336 2554092
939 59.521998 492.087589 190.195587 2554092
940 45.943650 137.199743 209.179694 2554391
941 283.651816 144.131203 191.706095 2554441
942 139.579374 37.978863 679.474975 2554241
943 115.065659 181.001594 1269.869983 2554129
944 105.343838 127.652520 587.905849 2554333
945 154.661555 295.748189 127.423551 2554123
946 105.135132 216.041704 72.675562 2554476
947 149.068416 63.945246 207.641149 2554408
948 64.910144 123.592401 140.203343 2554424
949 145.152474 61.067176 114.964253 2554314
950 86.290198 57.354597 344.949510 2554077
951 83.522017 50.233455 128.212971 2554051
952 55.863143 56.109699 205.962992 2554306
953 75.425112 145.838205 69.055073 2554228
954 139.379576 100.796756 853.873376 2554177
955 191.558680 97.983889 85.485636 2554542
956 137.403882 45.250388 190.257233 2554410
957 186.115053 249.245097 385.525913 2554305
958 588.984679 188.107787 121.358982 2554291
959 223.181112 191.277724 197.438333 2554443
960 174.990592 144.308690 47.708629 2554419
961 117.259749 144.180607 81.483813 2554216
962 247.331292 138.282480 523.164879 2554140
963 146.163123 407.587055 175.198409 2554157
964 88.431647 394.224547 227.841426 2554465
965 188.153859 93.151765 176.291394 2554196
966 184.371508 167.836697 161.427682 2554410
967 269.504982 439.011150 118.741014 2554445
968 117.567666 362.774992 253.262809 2554168
969 84.122512 214.082787 427.055123 2554333
970 149.633727 60.619553 164.229879 2554347
971 170.895979 69.902256 971.306410 2554175
972 135.543253 130.444464 203.564448 2554313
973 101.333680 222.499946 206.887838 2554355
974 161.464165 595.815653 149.958466 2554436
975 74.208195 351.174822 46.856144 2554262
976 64.478009 127.718265 135.285638 2554372
977 229.210704 55.606169 117.247609 2554128
978 140.970074 84.138072 64.082818 2554159
979 112.746392 138.097181 161.653479 2554157
980 86.937576 219.518776 119.800049 2554072
981 573.982014 121.190920 47.231937 2554239
982 167.561176 118.509273 93.901340 2554110
983 219.329122 95.080150 96.656098 2554273
984 141.472213 237.467846 100.188049 2554130
985 306.016884 273.375378 112.776616 2553928
986 295.211476 70.429816 199.030690 2554448
987 201.966038 75.929388 103.971139 2554496
988 672.524971 382.025855 170.286625 2554264
989 409.748286 213.274286 63.160730 2554133
990 125.967547 127.016831 433.837560 2554327
991 418.869449 184.505404 61.033571 2554445
992 237.491208 85.974604 98.450157 2554294
993 55.047743 68.968469 74.267464 2554388
994 87.162031 37.431009 70.514832 2554385
995 145.720875 64.866948 88.001287 2554217
996 113.956691 174.173163 199.677620 2554295
997 114.047350 73.746377 64.901699 2554127
998 63.837066 265.362691 157.781743 2554214
999 157.114976 514.476646 166.793464 2554098
1000 279.091711 232.907730 326.097722 2554235
