1 8.479473 17.195589 -3.525639 2554265
2 -1.793933 -2.318651 7.788610 2554333
3 0.910467 -5.698506 -2.418292 2554593
4 10.926554 -3.467876 -6.357078 2554400
5 -4.510254 -8.637387 -11.967856 2554350
6 14.107467 -13.682689 1.490221 2554633
7 12.814111 -2.543632 6.579318 2554337
8 9.284546 -16.008114 -0.122447 2554082
9 10.008227 -5.571684 13.255657 2554306
10 11.335982 5.590070 28.204833 2554312
11 -0.897019 -8.527958 7.007045 2554267
12 2.576159 -5.675143 -9.703643 2554152
13 18.926687 -7.496065 -1.420093 2554240
14 12.331583 0.280843 1.019115 2554226
15 13.462723 13.016517 7.127188 2554259
16 2.448324 -9.933128 -5.263722 2554151
17 5.661472 -2.911034 1.907984 2554492
18 -12.965086 4.800670 14.375492 2554375
19 -14.300513 -12.103497 8.842806 2554247
20 3.477739 0.099929 2.532148 2554516
21 5.586405 5.716367 5.577314 2554464
22 -9.521063 3.826465 -5.754256 2554284
23 6.770959 26.064211 -23.096092 2554286
24 -5.322660 10.722670 -6.815537 2554291
25 -25.601798 5.211230 15.333752 2554417
26 -3.486770 11.929157 1.727925 2554230
27 -2.870006 -17.831327 14.200264 2554468
28 10.077394 -0.993918 1.738333 2554233
29 17.018218 0.225847 -12.221451 2554264
30 11.454580 -6.484373 1.616205 2554326
31 4.352948 0.186214 9.813081 2554357
32 -6.768618 -6.668123 2.708754 2554630
33 -8.660980 3.203628 -2.704458 2554168
34 -1.921273 0.209320 -5.225752 2554020
35 -5.302660 -1.744351 4.264399 2554439
36 8.187484 5.120342 1.804622 2554370
37 13.105187 4.766988 -7.856827 2554373
38 7.066471 0.192634 -15.348721 2554373
39 17.241133 -3.041266 -8.465533 2554101
40 14.222844 -2.401638 3.585660 2554385
41 6.484140 -12.672039 -2.359793 2554462
42 -1.970054 2.290098 -1.457224 2554363
43 14.302685 5.189415 -1.649698 2554239
44 -2.821568 4.483361 -0.958680 2554337
45 5.236517 2.665736 12.458637 2554437
46 3.580087 9.107882 -6.986139 2554524
47 -13.460768 1.592910 20.643331 2554465
48 -11.482359 14.957305 0.569099 2554562
49 -15.083422 -6.304625 8.308805 2554360
50 -2.000474 -3.900750 11.179336 2554347
51 1.938094 -0.827916 -2.255124 2554389
52 0.713745 -6.456327 0.091567 2554342
53 -12.985634 4.527917 3.708889 2554347
54 8.172801 6.402529 11.628441 2554333
55 16.288838 7.635681 -0.587652 2554225
56 11.873282 14.149742 8.701337 2554504
57 -3.464120 18.509533 1.082814 2554182
58 0.744480 10.396719 -16.267601 2554308
59 -0.249837 11.195771 6.356392 2554291
60 -2.447136 8.953795 4.905388 2554382
61 2.874494 15.850005 -4.219987 2554438
62 0.752538 3.862943 -2.227269 2554600
63 -1.219154 -11.224660 -7.805472 2554260
64 2.888034 7.198364 -17.561378 2554323
65 -5.268611 11.687110 -18.024928 2554233
66 0.751069 7.809598 -1.050907 2554362
67 0.161218 2.691995 -4.076721 2554598
69 -3.994380 19.259259 8.334221 2554205
70 16.227532 6.501423 -10.706318 2554428
71 15.515892 -5.144771 -0.438484 2554336
72 7.931912 -1.785754 7.157875 2554430
73 -3.150419 -11.278365 8.446866 2554447
74 6.487526 -3.668844 6.313792 2554103
75 4.111982 -9.841517 -6.624723 2554475
76 -4.836469 3.368816 -8.668067 2554226
77 3.072055 14.404026 -15.569312 2554400
78 -7.325449 12.873572 -15.260818 2554459
79 -9.272528 -9.227275 -14.484337 2554240
80 10.838242 6.781235 -2.478061 2553959
81 6.329483 -0.279111 10.104247 2554173
82 2.296143 0.339931 7.267932 2554425
83 13.430264 -2.558861 0.760819 2554506
84 11.559268 20.777592 6.367638 2554309
85 -17.102347 6.428270 -7.609364 2554427
86 -3.683574 13.261863 11.370767 2554329
87 1.228340 4.557067 11.862461 2554084
88 0.342840 1.650830 12.130845 2554324
89 13.981592 8.258351 -9.936510 2554312
90 12.249034 8.345611 -14.772396 2554203
91 -4.982741 -0.556906 7.736526 2554450
92 4.384408 7.460233 -1.144631 2554207
93 17.169297 -12.209904 10.400980 2554462
94 12.321651 8.955006 -4.099634 2554356
95 -4.473519 15.996825 1.170833 2554271
96 11.439717 -4.959339 -6.695334 2554329
97 -2.180397 -9.690176 1.021262 2554213
98 -7.647421 -7.488483 19.064797 2554285
100 2.593231 -7.304405 -3.083047 2554517
101 -0.258541 -6.833066 -1.586804 2554499
102 1.024397 11.582417 -6.487730 2554402
103 8.894906 11.133089 -10.265932 2554532
104 11.308887 27.194723 9.491471 2554059
105 14.341834 4.934778 13.074806 2554362
106 16.499729 -14.746296 -0.774169 2554464
107 11.517787 5.776218 10.337947 2554389
108 9.040816 7.128980 -22.737656 2554276
109 -6.640276 1.838718 -6.487876 2554254
110 -19.835631 -0.758166 -10.990091 2554268
111 -3.020585 -1.859740 4.143797 2554340
112 1.418560 -7.557943 0.583055 2554230
113 -7.465714 -6.985543 2.444095 2554180
114 0.806240 -6.414584 -4.159163 2554235
115 13.003413 3.677044 0.047238 2554282
116 8.922137 -11.648932 1.884324 2554066
117 -4.277762 1.838093 -20.636610 2554244
118 -3.266138 16.304563 -7.643999 2554297
119 -10.026172 -0.285005 -1.377644 2554331
120 -28.543927 20.551627 5.646385 2554366
121 -16.645183 12.442171 4.336454 2554071
122 -20.135471 -7.845115 8.066255 2554526
123 -2.796155 -18.628985 1.094366 2554427
124 -3.417214 -5.071422 -10.493856 2554473
125 -8.502491 8.913058 5.801437 2554388
126 -13.348852 -9.654727 1.379259 2554364
127 -3.761529 2.429384 1.329678 2554535
128 7.691540 -11.997066 -4.318106 2554329
129 2.145234 -5.743485 4.574651 2554280
130 -8.065270 -9.406773 -2.625114 2554285
131 -14.332202 4.414171 3.469928 2554418
132 3.332973 10.452041 17.141006 2554434
133 -1.447534 -14.917229 24.802632 2554161
134 -3.063951 -17.254984 15.581257 2554218
135 0.599040 -0.127201 10.995375 2554443
136 16.751520 -3.697736 24.380521 2554410
137 -4.675558 -10.405115 37.194266 2554228
138 7.809668 -10.225922 16.572255 2554337
139 17.407958 -8.471869 -0.256592 2554334
140 3.529139 17.441627 6.604754 2554348
141 -16.547990 5.849249 10.387194 2554226
142 -15.684831 12.599826 -7.959112 2554243
143 -4.218707 -7.032525 -12.689016 2554435
144 -18.704866 20.599682 -13.183060 2554173
145 -11.098614 -18.038338 -10.267459 2554229
146 3.748714 -3.237329 9.900359 2554409
147 0.934156 -4.370243 -18.678522 2554437
148 15.853420 -4.594982 -6.540277 2554416
149 9.662393 -2.980582 5.024362 2554283
150 8.650004 -7.934711 20.383301 2554270
151 3.460600 -1.926975 -11.569574 2554382
152 -10.401916 7.699287 -2.898819 2554320
153 -15.023754 -13.559593 10.690366 2554201
154 -0.712294 -17.628236 8.319952 2554170
155 -10.495682 7.916583 15.952145 2554465
156 -7.110947 -4.597042 -4.108581 2554099
157 4.488481 3.335297 -4.662119 2554139
158 -3.633612 -9.267032 -2.398837 2554376
159 -5.763540 -15.469925 10.073129 2554221
160 3.266347 -16.804549 0.904575 2554286
161 -9.109511 -2.562547 8.613525 2554464
162 2.536330 1.851941 10.227230 2554243
163 -7.006333 -2.605650 -1.273771 2554341
164 -8.664166 -22.198870 -3.569110 2554284
165 -12.360166 -5.132520 -3.319111 2554544
166 4.364398 18.544917 5.233044 2554411
167 -2.067832 -9.013576 8.097130 2554435
168 -5.932862 -5.804753 -4.386907 2554580
169 -5.833023 -21.685432 -9.050132 2554257
170 5.337005 -25.024113 -7.521185 2554467
171 -0.503083 -13.065751 7.347133 2554360
172 -7.223746 -3.019942 7.236831 2554310
173 -12.737128 -2.929519 15.605949 2554377
174 -15.202417 1.218814 19.197144 2554593
175 -0.274743 15.588527 13.710384 2554399
176 10.858066 -5.494476 17.948799 2554286
177 2.584364 2.827586 3.149937 2554326
178 -0.303520 1.791764 -5.133212 2554527
179 6.383715 -12.119587 -2.859065 2554260
180 -9.683147 -5.023176 1.246770 2554490
181 2.944497 2.515314 1.855293 2554486
182 -11.703772 -1.321349 2.354150 2554329
183 5.324314 10.023650 1.022703 2554432
184 14.582426 -1.482085 -11.018354 2554592
185 2.740173 -4.480603 7.453821 2554488
186 4.322545 5.255218 -0.812541 2554633
187 5.327039 2.806910 -3.068873 2554558
188 11.912751 3.800738 12.359929 2554615
189 5.116328 -9.982358 3.225037 2554753
190 6.589933 -15.161739 -4.646219 2554482
191 5.124705 -16.808528 -8.365612 2554244
192 7.127050 -16.526885 9.311340 2554555
193 -2.485388 -4.403689 0.001210 2554495
194 -9.677258 -9.035718 2.099183 2554447
195 3.870300 3.245994 -2.530704 2554581
196 15.875588 -13.970091 -1.312253 2554418
197 10.840921 -6.510898 -4.194884 2554501
198 -1.797872 3.522780 -13.297164 2554757
199 3.344105 3.867495 9.673760 2554475
200 4.585862 -0.632067 15.975016 2554345
201 -12.545552 -11.035129 6.577509 2554476
202 1.262691 -5.928738 -18.207823 2554614
203 3.313336 5.410702 -13.144231 2554393
204 -0.060948 3.752542 -8.881530 2554564
205 -4.680732 0.059966 9.328264 2554426
206 -9.375503 10.797222 0.431141 2554629
207 1.749869 10.246257 2.288797 2554453
208 9.291659 -7.766903 18.534042 2554438
209 11.420807 -11.065937 -2.840526 2554514
210 0.184140 -12.275151 -9.097319 2554554
211 2.748103 9.225290 0.056267 2554290
212 6.204810 -8.419091 -4.097509 2554265
213 7.882731 0.017363 -4.805912 2554165
214 8.000095 1.961535 -9.428304 2554207
215 -12.403283 -12.979067 -0.487236 2554362
216 5.817606 -2.433007 -5.053188 2554478
217 0.010435 -6.712012 -4.071198 2554324
218 -4.999953 -33.229985 -2.859167 2554256
219 10.136063 -17.699475 -4.646927 2554335
220 6.542174 -4.749809 1.121165 2554156
221 -2.587927 1.006633 17.864846 2554460
222 6.778622 -15.260913 11.023715 2554333
223 -3.742922 15.258746 0.910741 2554217
224 -6.517361 3.005492 9.973713 2554354
225 -15.920022 3.209279 18.577317 2554351
226 -3.160287 -3.528835 3.111120 2554420
227 10.919849 9.315371 -2.354166 2554274
228 22.509077 -4.546734 6.074492 2554322
229 11.960461 -6.044427 -1.749659 2554273
230 7.312213 3.239972 10.719906 2554294
231 -8.657209 3.331476 -9.262160 2554337
232 -7.972303 9.061352 -4.650994 2554450
233 20.259057 7.964302 -6.666767 2554427
234 17.259216 11.763172 8.533615 2554314
235 -11.593598 3.438874 7.923961 2554201
236 6.182118 -1.219645 10.689414 2554446
237 -5.480504 -3.563459 4.227636 2553999
239 14.385559 13.985943 6.777638 2554101
240 -2.615634 0.584935 -4.265926 2554386
241 -3.428811 -14.025371 -13.373822 2554189
242 4.750149 1.809408 -16.184689 2554148
243 12.698849 10.752983 -10.688288 2554381
244 11.972754 6.202790 -0.916509 2554315
245 16.464558 -8.555392 9.095197 2554036
246 13.950586 4.218885 10.426171 2554551
247 -7.693420 17.767489 10.794819 2554455
248 -2.764909 16.698654 4.279232 2554353
249 -15.304896 13.672025 8.095564 2554156
250 -2.790879 6.961070 -7.314120 2554265
251 -9.635282 0.844603 6.297419 2554294
252 -0.530290 3.890901 7.829154 2554252
253 -1.206257 8.757139 17.793462 2554221
254 2.795926 -2.889531 9.292727 2554491
255 18.046775 -2.753563 -9.861709 2554505
256 11.816464 1.726081 3.386692 2554215
257 1.926781 8.014960 -10.552356 2554072
258 -1.668304 5.168065 -3.891752 2554095
259 -8.902996 1.808169 -7.393260 2554343
260 5.863621 2.030472 6.789016 2554311
261 23.542897 3.703954 -1.423497 2554295
262 9.598064 -5.825211 1.057774 2554297
263 -24.211639 0.122630 -17.121927 2554301
264 -14.248311 -8.423993 -5.913498 2554364
265 -8.048798 -14.183740 11.192748 2554313
266 -14.972389 -16.487312 0.731254 2554502
267 13.679851 -8.089754 -0.873691 2554368
268 -5.786855 -7.925000 5.429326 2554378
269 -7.942189 12.379462 15.390434 2554195
270 -3.277036 8.700563 4.792673 2554241
271 9.443527 6.439702 0.414617 2554203
272 12.159694 -7.981990 12.404921 2554459
273 -3.819200 4.922380 13.362803 2554312
274 7.626040 -0.749022 -6.330266 2554357
275 1.087820 1.729280 4.245388 2554454
276 -18.193662 -2.521302 -7.775917 2554190
277 -16.691337 -1.027230 -15.506426 2554208
278 -9.393227 3.352152 0.204476 2554486
279 4.560550 -1.346028 -15.806558 2554489
280 5.642216 1.743460 -6.676550 2554093
281 -3.579087 0.385867 -6.004766 2554297
282 -3.726555 16.987915 -6.158146 2554127
283 -7.709380 -9.596339 1.863178 2554439
284 -14.115451 -7.731475 0.048722 2554459
285 -17.441650 3.746866 8.443727 2554503
286 -7.684467 12.607281 -6.695644 2554501
287 -1.878150 12.692429 -20.160840 2554530
288 6.403002 5.039071 -18.775482 2554461
289 -5.914849 -8.199819 -6.128977 2554386
290 8.980084 -24.499028 -8.116152 2554411
291 5.081508 -5.218589 9.730393 2554476
292 4.289447 14.583182 7.603217 2554604
293 8.970217 13.888261 1.910894 2554517
294 0.905805 7.462300 -7.029811 2554450
295 6.864945 -1.317407 -7.846063 2554430
296 4.524054 16.733477 1.568208 2554435
297 8.720339 -1.101747 17.265648 2554280
298 -5.507026 -10.458835 -5.704660 2554122
299 1.278284 -2.251236 -18.190780 2554357
300 8.457349 -11.245458 9.442195 2554221
301 -14.029253 -4.824257 -1.410601 2554191
302 -6.453629 1.361698 0.339158 2554322
303 -1.395199 7.698997 3.075638 2554326
304 -6.739809 -8.324311 3.988611 2554275
305 -14.002184 -20.836054 -14.073255 2553899
306 7.203115 -5.122149 -5.660890 2554383
307 7.684328 -4.691667 5.211040 2554278
308 -17.098250 -17.831119 0.121775 2554145
309 8.385159 -13.343439 -5.135081 2554431
310 22.059873 -7.476143 15.032578 2554323
311 -6.665929 -4.158540 -17.536776 2554287
312 -1.440131 -2.482464 -3.740592 2554427
313 8.751822 -25.102581 5.830105 2554303
314 3.213209 -15.908450 -7.883268 2554169
315 -3.649353 -13.605607 -3.183552 2554304
316 -1.113317 -1.336333 -16.185757 2554381
317 2.785461 9.145465 -17.365988 2554604
318 -4.812557 -1.870542 -0.501027 2554445
319 -7.712578 -24.708476 10.692721 2554369
320 1.312689 4.024850 -0.670182 2554318
321 -2.064927 18.939577 -5.011648 2554060
322 -1.845206 13.797408 -3.237811 2553983
323 5.743628 14.851018 -2.730821 2554423
324 0.429899 16.091495 -11.871116 2554446
325 13.536242 -8.440542 18.481627 2554083
326 4.342396 3.751247 6.957163 2554245
327 -9.768262 6.527859 4.751025 2554279
328 -14.546779 -7.349970 -3.936209 2554236
329 -17.896640 3.080291 -27.172893 2554273
330 -9.453219 15.250829 -13.008033 2554248
331 5.531546 -2.821977 -15.692630 2554186
332 2.163470 -8.700315 -22.873460 2554399
333 -0.189624 -20.504357 -29.151419 2554300
334 -10.499069 -6.151791 -24.095382 2554146
335 5.716358 -1.392753 7.985104 2554213
336 11.793677 -11.236689 16.948380 2554501
337 9.282898 -3.032321 20.254255 2554151
338 -11.050351 -19.228197 20.692089 2554260
339 4.313576 -2.006260 6.858118 2554440
340 -1.106063 8.265010 -16.672893 2554392
341 -7.350469 3.874633 -2.580163 2553966
342 -21.213396 5.669122 3.836027 2554449
343 -1.887581 -5.404300 5.504164 2554351
344 11.759561 -0.830155 -13.411055 2554056
345 4.783952 7.333889 -12.205396 2554594
346 -10.563697 -7.889825 -11.021352 2554304
347 -7.295606 18.844315 -4.665438 2554313
348 7.937825 18.900105 4.648752 2554544
349 -0.881348 1.822898 -9.651209 2554441
350 -1.084540 -8.267153 8.642970 2554149
351 -11.131736 -5.430752 17.514302 2553869
352 -7.039384 0.042629 0.776272 2554375
353 -2.522480 16.382553 -4.830160 2554285
354 -2.080301 2.541574 -10.131240 2554615
355 4.208503 -14.904632 -8.044713 2554112
356 10.876502 -3.613069 -16.988083 2554230
357 -2.190069 12.547781 -9.264120 2554206
358 4.994967 5.192852 3.097067 2554471
359 -3.578803 -8.195915 8.968560 2554380
360 -9.711199 -6.563786 -2.369988 2554396
361 11.559081 9.355838 -2.957360 2554126
362 10.546080 -3.906705 -7.231410 2554258
363 -8.484148 5.239508 2.324690 2554545
364 5.368538 -7.933796 -0.566987 2554108
365 -4.212283 -10.854277 -2.085973 2554265
366 -11.931218 -7.541868 11.672889 2554367
367 7.884960 -2.199213 6.416277 2554233
368 -9.509642 -2.576877 6.463161 2554295
369 1.906917 -13.753660 1.780410 2554484
370 -10.090821 17.503632 0.432082 2554246
371 1.451479 4.807316 19.904829 2554126
372 20.488594 8.876428 10.080314 2554294
373 19.936896 8.784431 -6.660082 2553993
374 2.148320 5.848052 -4.826085 2554256
376 19.439333 23.234512 2.191794 2554247
377 7.163884 7.746742 6.908863 2554550
378 7.695617 -18.077721 2.200971 2554330
379 -0.746986 -5.108198 -14.985803 2554097
380 -3.304239 -5.999401 -18.637066 2554211
381 -1.487480 -13.891157 4.155718 2554262
382 -9.952589 -3.887066 7.246088 2554402
383 11.152978 -5.311470 2.848538 2554278
384 -0.738102 4.957503 0.060308 2554318
385 0.829004 7.640591 -10.361597 2554303
386 3.093732 3.389571 2.462254 2554331
387 -17.137804 7.802512 18.796535 2554068
388 -12.288520 -3.530953 2.055220 2554282
389 5.985325 -3.706721 11.468938 2554096
390 10.735775 9.743959 8.609095 2554157
391 9.571747 -5.486881 2.301201 2554509
392 6.354861 -6.604183 22.144224 2554384
393 7.451607 5.070404 7.741891 2554521
394 12.692755 -3.265086 7.617269 2554207
395 -1.443509 13.552685 7.906895 2554343
396 -1.162174 7.819321 8.286131 2554220
397 3.391501 5.898861 8.020258 2554449
398 -7.985958 -12.142326 4.919950 2554068
399 -7.116091 -3.812155 -2.624678 2554093
400 16.284327 18.632198 -9.807728 2554325
401 10.230718 -14.659069 8.444442 2554173
402 -21.417898 3.506895 14.937934 2554345
403 -1.717372 7.428799 -1.134696 2554453
404 14.709701 1.702299 -10.881302 2554405
405 17.398750 8.416867 14.888038 2554333
406 14.935797 -5.665056 10.181031 2554179
407 9.767929 -5.631056 -6.711404 2554242
408 -0.963966 -1.464314 4.632524 2554244
409 4.117409 -8.027583 7.209881 2554285
410 -1.074176 -11.617946 -3.475044 2554440
411 2.635191 -1.290062 -2.632250 2554469
412 18.375933 -4.443498 -6.884158 2554288
413 0.060552 -18.997084 -5.415715 2554299
414 2.567159 -9.512652 4.494803 2554499
415 -8.747621 -12.290329 10.429804 2554448
416 -0.457231 -7.721626 -9.775311 2554396
417 -2.743223 -2.173863 -10.216871 2554273
418 -4.792182 -14.297712 10.393626 2554105
419 -8.785825 4.201012 5.496287 2554347
420 -6.691036 -1.225410 1.055111 2554333
421 -15.075402 -11.294773 -0.002235 2554177
422 -9.442147 1.607666 -7.023006 2554456
423 9.158322 3.812888 5.350716 2554203
424 -8.921416 9.803965 -1.441342 2554546
425 6.721749 -14.907376 4.793854 2554225
426 0.806494 -12.802427 -10.065670 2554340
427 12.061428 1.497946 -2.965965 2554318
428 15.403747 -16.167351 11.016669 2554230
429 4.481031 -6.248127 -1.202891 2554497
430 -12.943602 -8.355583 9.333107 2554296
431 -11.789567 -16.523741 9.788083 2554311
432 9.334215 -4.311457 6.378042 2554254
433 18.010282 -8.880232 6.941669 2554323
434 11.400789 0.415465 -9.157168 2554358
435 -8.198683 12.975727 -4.228481 2554449
436 7.495314 -7.463417 -15.653331 2554408
437 8.426689 -17.049756 -6.073753 2554271
438 3.393967 -2.083400 16.707224 2554323
439 6.387074 -0.524443 22.360653 2554445
440 5.836671 0.687388 16.393447 2554480
441 7.237387 3.403052 3.592170 2554302
442 9.249636 -11.871860 -4.883268 2554248
443 1.509622 -27.184945 2.760188 2554382
444 6.758083 -17.353853 3.129060 2554236
445 8.385853 -7.928464 -5.835927 2554262
446 -13.088771 -1.478158 -10.727096 2554442
447 -26.613328 2.875368 -11.040208 2554120
448 -4.941471 8.510256 -13.790484 2554220
449 -6.563472 -0.726328 7.654566 2554414
450 -5.726453 -7.050021 14.695893 2554330
451 -16.881631 3.577396 3.650463 2554117
452 5.071905 -1.436649 2.486796 2554351
453 -2.645584 -12.103302 7.925051 2554173
454 -3.669227 13.165058 13.271099 2554134
455 3.692379 -14.116881 7.588366 2554268
456 6.729184 -4.175522 3.035624 2554409
457 -6.496918 -6.344456 24.085014 2554136
458 -7.572883 -17.610324 8.998936 2554095
459 12.725960 6.896454 3.328153 2554601
460 5.835541 3.525584 8.382667 2554066
461 -10.334763 -16.533819 3.353694 2554496
462 -7.563254 0.327653 11.576713 2554377
463 7.435200 13.656110 6.101452 2554457
464 8.537810 -0.667012 7.638846 2554487
465 16.130841 10.053921 7.868897 2554075
466 16.704893 7.529978 4.037536 2553951
467 -10.204712 9.718059 -3.295367 2554429
468 -25.093186 6.233180 0.892478 2554311
469 -11.313225 0.419558 12.688153 2554326
470 -1.750295 10.081599 -11.270029 2554374
471 -1.117457 10.275896 -2.581503 2554382
472 -14.996581 -9.359135 10.991237 2554297
473 -1.833244 -1.114294 1.638729 2554242
474 -13.239112 -7.167855 6.487126 2554473
475 -12.619506 1.489013 -5.088187 2554249
476 -1.679882 10.141058 -0.237716 2554226
477 -9.213634 -2.929832 1.958303 2554299
478 5.007090 6.810685 4.565871 2554244
479 15.069864 1.464269 5.558499 2554069
480 3.093088 8.348388 16.763619 2554358
481 -11.604024 16.904772 -5.491339 2554230
482 -7.367638 -7.964392 6.425737 2554424
483 4.127063 2.089393 9.966401 2554397
484 4.729493 -6.903277 -0.445934 2554207
485 -3.430907 2.746698 2.719137 2554208
486 1.085435 4.921442 1.009325 2554270
487 -16.802450 -9.554608 21.330180 2554143
488 -20.545156 -1.224674 3.969645 2554276
489 -27.359448 -12.600329 -5.437567 2554184
490 -24.843347 -24.253727 -3.280625 2554167
491 8.410804 -12.572142 11.338415 2554131
492 -4.591198 -10.656010 -8.897953 2554456
493 -10.577869 -3.563225 -6.914129 2554369
494 -9.760964 -10.262263 -1.226113 2554177
495 11.660828 -5.619042 7.194690 2554159
496 -0.195502 5.196508 -3.740475 2554272
497 -30.475834 -0.221399 -7.342648 2553966
498 -8.176864 -7.239094 0.174758 2554058
499 7.829443 -4.684407 0.973025 2554440
500 3.357504 -1.707148 -19.484579 2554405
501 -5.535797 15.688346 -18.248673 2554254
502 5.746534 15.034126 3.172475 2554147
503 11.073694 -2.730233 5.542506 2554283
504 8.392835 -0.442924 -6.578360 2554291
505 23.844043 -3.248276 -9.370509 2554317
506 -12.523779 -20.524334 -9.287712 2554118
507 -14.762136 -17.950251 12.387921 2554204
508 -16.345982 -9.771985 13.682312 2554073
509 -2.066195 -15.465593 18.697769 2554267
510 3.850802 -1.515345 10.455649 2554206
511 9.291371 -2.530548 5.097559 2554367
512 -12.888001 0.960954 7.432620 2554427
513 4.184013 -10.373437 2.503498 2554317
514 6.394847 -6.192346 11.874886 2554000
515 8.079508 -0.093457 8.401576 2554402
516 13.512782 17.488933 -6.371289 2554226
517 -1.932145 10.265070 -18.081822 2554113
518 -13.777812 7.197128 -3.413790 2554433
519 -15.348919 -3.761677 -9.643968 2554114
520 -3.862682 -2.675574 -8.239836 2554524
521 11.424959 -2.929930 -13.869413 2554360
522 3.490934 2.198590 -8.883848 2554298
523 2.841749 -6.055034 -9.300116 2554441
524 5.747400 -12.288318 1.965790 2554156
525 -2.929749 -2.131381 17.505199 2554379
526 -6.598855 -0.130239 2.170111 2554407
527 5.627332 4.782897 -3.282382 2554103
528 -9.075499 5.225514 -2.239080 2554298
529 -20.586491 -13.721809 -5.345438 2554389
530 -28.415566 -6.766019 9.912818 2554210
531 -10.010151 16.869855 -12.557194 2554039
532 2.407509 5.592635 5.185704 2554275
534 -10.497824 -0.864944 14.013140 2554486
535 -15.737645 10.300035 6.066580 2554443
536 -4.417502 -10.473945 -7.942208 2554238
537 6.406181 -15.703283 -8.761412 2554365
538 14.511016 -20.973358 -13.440166 2554333
539 -0.982640 -4.316964 3.752951 2554466
540 -0.892543 -16.146137 16.043149 2554148
541 -7.292036 -7.709770 -2.119237 2554212
542 -13.506986 -2.748952 -3.753016 2554242
543 5.310969 -11.804209 10.778929 2554305
544 -11.519011 -13.199871 -2.677873 2554173
545 -22.038859 -5.068046 -3.782055 2554185
546 -27.061649 3.001822 -3.695998 2554387
547 15.338439 1.877129 10.126600 2554290
548 -11.141364 -9.255634 7.821582 2554371
549 -4.608345 8.515069 -11.826206 2554486
550 -1.749153 14.261078 -0.085809 2554167
551 5.015469 10.722112 5.036997 2554470
552 14.669213 -13.290331 2.544582 2554069
553 -5.073331 15.286699 -7.559524 2554342
554 -13.159195 16.678150 -3.377090 2554271
555 3.715946 2.971898 3.218020 2554390
556 -17.845048 -5.598375 2.224510 2554287
557 -0.833766 1.284376 2.032687 2554258
558 -0.051861 6.769815 0.112712 2554369
559 7.243379 -3.660733 3.835480 2554347
560 14.332383 -2.358330 -0.502206 2554251
561 8.687333 8.067090 11.111061 2554394
562 9.998310 0.750473 14.185688 2554338
563 4.249891 23.331029 21.329264 2554400
564 11.873157 15.021588 1.809232 2554222
565 -9.214939 2.273379 7.973138 2554323
566 -3.551963 5.642253 -17.158562 2554273
567 -19.352585 -1.584363 9.343934 2554429
568 -6.155150 8.783853 7.123284 2554012
569 -8.776911 -2.173878 -18.881045 2554221
570 -15.684576 2.516310 -10.535791 2554335
571 5.089884 5.356457 -14.219413 2554200
572 10.529269 10.115046 -5.540975 2554336
573 4.287736 -5.129835 19.451797 2554261
574 9.436590 13.871556 -9.527622 2554411
575 4.598033 19.113809 -5.250355 2554318
576 13.028327 3.894777 3.602204 2554278
577 -8.102409 -2.836193 1.594550 2554043
578 -11.065859 -10.072851 11.488119 2554329
579 3.956433 4.565898 15.970154 2554307
580 4.139548 -2.160542 9.248857 2554157
581 -7.179094 -0.203347 -9.756435 2554344
582 -9.143061 -5.872274 1.518979 2554162
583 9.932356 -5.152395 13.618381 2554330
584 -10.329167 3.206667 8.946968 2554127
585 -8.302455 4.219824 -14.372621 2554208
586 -5.006786 6.958877 3.190372 2554360
587 18.659216 -20.940476 14.913062 2554170
588 -13.566650 6.422871 -5.275353 2554443
589 2.943256 7.006632 -2.563087 2554284
590 -0.141898 -5.136498 0.103712 2554189
591 -10.646950 -10.361605 1.869194 2554478
592 -6.731046 5.374619 18.126482 2554288
593 -7.912713 10.166388 21.257704 2554339
594 19.466923 -8.477678 9.449026 2554243
595 2.294500 -10.229421 -4.949221 2554113
596 7.997454 -6.367826 11.334816 2554455
597 0.279809 9.798344 3.757787 2554220
598 -13.030391 14.337928 11.174338 2554463
599 -17.117588 7.755720 -0.893024 2554335
600 0.768055 -5.098204 3.673100 2554380
601 9.767376 0.505054 -2.822233 2554336
602 -6.580690 13.596556 6.049847 2554219
603 17.458660 10.260786 1.910280 2554278
604 10.406651 10.183101 -3.959745 2554421
605 8.760116 1.012011 4.837278 2554294
606 17.724795 -1.512851 -6.076317 2554190
607 4.765319 -5.495596 -19.362731 2554371
608 -24.390700 -28.280209 -2.563692 2554310
609 -13.482285 -15.133445 0.553463 2554221
610 -19.984621 -3.655624 -7.970635 2554328
611 -6.305603 -10.528024 3.530147 2554572
612 -6.977217 -2.662930 2.614362 2554356
613 -0.179952 -17.651398 1.232539 2554545
614 3.401042 2.287391 -3.591401 2554156
615 2.412094 12.470168 1.778914 2554420
616 1.772997 0.401906 1.345481 2554305
617 -10.685741 8.809733 0.598765 2554187
618 -7.531250 7.406740 8.003894 2554330
619 -16.903074 5.888955 -15.782858 2554245
620 -2.626013 4.823004 -4.592176 2554286
621 8.224267 6.979957 1.035437 2554345
622 -10.655389 -1.614890 -2.908082 2554487
623 7.095845 6.065996 -7.454835 2554259
624 3.206536 11.582296 10.475501 2554195
625 28.898849 5.721220 14.268611 2554003
626 2.492946 3.529568 -4.645518 2554333
627 -1.036126 -4.948257 -4.187308 2554060
628 14.402891 -0.686272 -6.062056 2554310
629 2.545726 -3.359526 11.161029 2554401
630 11.676647 -0.906315 4.263129 2554247
631 11.012670 3.755432 -2.552543 2554410
632 7.316751 -0.828006 19.486553 2554407
633 4.799692 7.030497 19.242413 2554191
634 18.591418 7.553871 10.060996 2554157
635 21.903593 6.894983 3.752395 2554461
636 22.346847 -11.533139 18.387643 2554403
637 10.864131 7.484098 6.578202 2554292
638 -24.945588 -0.933984 6.999483 2554498
639 -3.246308 2.296846 -3.534572 2554283
640 5.050728 12.225456 -9.179263 2554240
641 5.243632 4.602605 5.953085 2554272
642 3.758258 -11.701305 5.392213 2554373
643 -7.818682 -0.637033 0.211724 2554064
644 -13.675145 -12.933425 11.788158 2554278
645 -12.012645 -8.734127 10.828203 2554022
646 -14.428617 3.244868 -13.463168 2554241
647 -13.927106 17.183873 -8.112102 2554029
648 -21.730252 -1.551493 -6.125729 2554372
649 -10.656788 -13.126623 0.698407 2554273
650 -3.619973 6.187523 -15.224737 2554436
651 9.120972 -0.672731 6.174439 2554247
652 6.082384 -3.440235 4.907705 2554370
653 -10.344639 -1.475349 6.619276 2554081
654 14.637228 3.552512 -0.539410 2554441
655 27.549226 13.257107 0.493933 2554192
656 11.030036 7.106856 10.227720 2554522
657 6.743865 -8.035812 1.293463 2554459
658 4.809046 -7.296508 -13.592665 2554460
659 1.785280 -10.824268 2.328468 2554160
660 -11.471174 -2.141220 19.168784 2554305
661 -3.016292 1.417637 14.900895 2554533
662 1.679948 -3.896254 10.973874 2554114
663 -2.760544 -8.548113 23.228156 2554520
664 18.770701 -5.384075 13.595757 2554154
665 1.732447 -18.929836 -4.021337 2554218
666 7.532215 -7.851211 10.147854 2554241
667 9.053578 -1.168146 3.188117 2554343
668 9.054789 -16.993264 -0.839094 2554428
669 -9.788045 -7.471784 5.398576 2554335
670 -3.140900 -5.211968 6.893093 2554536
671 -16.097014 -8.618449 -7.937415 2554306
672 9.858425 9.215539 -6.332401 2554330
673 -3.400463 13.264892 -3.351214 2554352
674 -2.442110 -17.319137 -5.571671 2554243
675 -12.806517 -12.813772 -9.830194 2554096
676 5.531206 12.516488 0.184770 2554417
677 -3.883487 -2.760907 2.364903 2554232
678 -3.580257 -1.267930 -6.497356 2554193
679 -14.638210 -3.349022 -15.030571 2554126
680 0.021111 3.723170 5.973392 2554230
681 13.192082 -0.951582 2.971688 2554211
682 12.851703 -5.275681 16.334229 2554449
683 -3.235121 0.106374 -0.608909 2554366
684 -24.665192 0.445620 7.822362 2554185
685 -10.445829 -0.734005 5.239175 2554289
686 5.540265 1.729791 10.360645 2554594
687 7.527552 -0.934281 -12.613783 2554315
688 1.155479 -7.293170 -2.651916 2554278
689 2.072390 0.099666 2.301706 2554221
690 5.630681 5.775988 -2.410074 2554399
691 -7.857103 -1.321915 -3.513106 2554284
692 -16.116925 9.910924 1.791652 2554438
693 -5.607358 20.057851 12.040713 2554312
694 3.815603 15.401049 0.470164 2554359
695 -2.883614 2.689019 4.104776 2554424
696 13.404491 -4.226000 7.189405 2554209
697 -2.884293 -9.013328 6.168543 2554271
698 -5.925306 -3.701918 -11.221289 2554416
699 -0.540978 20.140886 -0.842736 2554492
700 12.823053 11.637030 14.172447 2554233
701 1.331559 25.803660 -9.044650 2554221
702 8.197129 12.970151 -22.067854 2554395
703 4.812691 1.302340 -6.178417 2554301
704 -14.099061 -5.365376 -6.697545 2554337
705 -12.977681 3.182587 5.502008 2554389
706 -13.633685 5.167303 -4.303088 2554184
707 -2.125587 7.559234 -13.692650 2554396
708 3.496953 9.911574 -8.597602 2554176
709 -4.803934 11.590914 -1.405624 2554226
710 -4.576308 4.140527 8.616799 2554213
711 -13.705315 9.658441 9.670812 2554487
712 -0.593908 1.090526 10.251466 2554277
713 -5.832902 -14.904254 17.153325 2554324
714 12.861174 -7.397048 15.188664 2554329
715 14.679435 6.580970 20.772528 2554332
716 -3.399370 15.078351 1.496650 2554165
717 2.919707 20.288326 -11.967418 2554327
718 -5.829417 -7.901328 -25.757265 2554202
719 -6.597150 -8.281549 -15.190596 2554120
720 11.467042 7.126820 11.296292 2554225
721 14.262976 6.919162 -6.168930 2554174
722 17.429856 10.215649 -7.542930 2554407
723 16.048240 9.953734 -3.195099 2553986
724 11.751610 -0.679683 0.570304 2554094
725 9.465023 8.878471 3.880991 2554297
726 -2.993243 0.646737 10.914654 2554463
727 0.770013 -6.407190 12.195811 2554246
728 3.867806 9.870656 7.788269 2554372
729 -1.131897 1.639294 -8.288001 2554123
730 10.375945 4.397476 4.653339 2554076
731 21.783441 2.018854 -1.605551 2554176
732 18.567623 7.840480 3.796076 2554505
733 -3.023245 15.155336 16.788533 2554461
734 -19.059248 12.997989 0.028117 2554333
735 -8.136308 7.856012 7.149334 2554504
736 -11.081708 15.963777 -0.794127 2554137
737 4.001061 7.410656 -3.918473 2554349
738 8.822825 -1.795845 -21.766881 2553912
739 -4.868481 3.654354 2.058401 2554102
740 -2.199040 11.810348 -15.375220 2554413
741 15.876375 8.839396 -1.213682 2554104
742 15.998000 0.101965 -13.408056 2554227
743 6.078059 5.407865 -1.391066 2554322
744 -1.027857 4.840593 -3.290091 2554215
745 -4.463240 -7.222661 13.352778 2554472
746 -6.725890 7.058232 13.654128 2554317
747 -6.537631 3.864033 6.685863 2554489
748 5.697735 -6.697397 14.475905 2554049
749 3.817729 7.728625 9.679367 2554138
750 -0.407494 6.339299 18.093113 2554482
751 -13.550396 1.920113 1.882192 2554363
752 0.550764 -1.272268 4.040426 2554298
753 3.872647 -14.284801 3.333778 2554412
754 0.517074 0.994940 10.860381 2554363
755 -20.854911 3.880860 4.253339 2554216
756 -7.646190 -3.820740 -3.283565 2554335
757 4.149839 0.200573 18.177065 2554394
758 5.453191 4.446417 -3.839309 2554279
759 -13.555324 8.268759 0.210566 2554404
760 14.466605 4.474373 -4.043005 2554348
761 4.789935 15.661431 0.812039 2554056
762 6.714855 0.697800 -2.148784 2554269
763 -7.111976 -4.173786 12.267018 2554317
764 1.833796 0.916447 15.501402 2554358
765 -6.044897 7.759867 3.565167 2554398
766 -4.090973 13.496777 4.214992 2554432
767 5.490869 -12.765364 -8.439334 2554377
768 0.784876 0.015631 -4.059524 2554385
769 -3.478950 2.947708 9.406204 2554213
770 -7.897527 8.799083 -4.853374 2554176
771 1.064142 3.523604 -4.399757 2554443
772 12.770609 -1.362143 8.175570 2554284
773 -2.817653 6.192651 -2.690990 2554298
774 -14.454301 -7.282119 2.673443 2554322
775 -10.477867 0.052703 -3.218819 2554286
776 -4.756735 18.702200 -8.370929 2554573
777 0.732611 4.442983 7.283507 2554253
778 8.837859 1.756421 1.900616 2554147
779 12.385950 -1.521892 -4.715262 2554419
780 11.367646 -12.079714 13.148571 2554532
781 21.781765 -7.672890 -4.789615 2554378
782 10.010014 -15.494959 -5.551697 2554171
783 -1.510762 -5.871740 10.971217 2554312
784 9.733729 6.757012 4.420944 2554356
785 0.776725 5.545576 3.310259 2554299
786 -17.982777 4.543199 -4.272988 2554286
787 0.473574 10.957133 -4.581702 2554151
788 19.491692 9.901195 0.322759 2554436
789 4.438222 10.347749 -5.664190 2554407
790 -6.792031 0.180185 -7.744756 2554533
791 7.843575 19.899923 -12.999467 2554342
792 9.520758 -3.920876 -11.883403 2554253
793 20.648310 4.128119 -14.299297 2554314
794 7.066876 10.878734 -8.298075 2554152
795 12.795573 -12.473682 2.146156 2554345
796 0.182378 -2.701758 -12.779234 2554327
797 6.940095 15.831127 -27.244499 2554280
798 8.480165 0.011291 -9.680284 2554237
799 -9.927508 -3.342021 2.528986 2554410
800 -8.525581 -10.092361 -16.236052 2554391
801 1.219800 3.037386 -3.327248 2554233
802 5.316055 16.583969 23.797548 2554224
803 -0.125432 10.566871 3.962651 2554199
804 -0.616046 19.970216 2.543328 2554271
805 -17.019397 6.956201 7.699953 2554454
806 6.024393 -0.482234 10.715734 2554621
807 11.641196 -3.679887 -11.000782 2554577
808 2.676518 -2.501737 -0.603534 2554383
809 14.361239 -27.547053 10.436602 2554371
810 16.528772 -10.447330 4.331430 2554287
811 15.982299 -3.402276 14.302547 2554284
812 3.247918 -9.860045 8.948578 2554262
813 14.816895 -7.102148 10.179456 2554195
814 22.188029 -5.548236 6.380722 2554364
815 21.320964 5.687114 2.747190 2554419
816 -9.534018 8.683295 9.181680 2554369
817 1.266445 3.029116 -14.972668 2554282
818 4.506806 -7.011164 -0.964671 2554393
819 12.129005 7.137207 20.724370 2554293
820 5.577327 21.549492 14.052746 2554144
821 3.488726 -0.255686 -1.793463 2554374
822 0.518128 2.607964 11.981118 2554365
823 1.586575 12.135318 0.254384 2554140
824 0.671657 20.468742 3.810011 2554239
825 5.696314 9.094548 -18.405984 2554540
826 7.097149 15.356323 3.660823 2554426
827 -5.901283 3.802154 -17.169168 2554209
828 -8.544809 11.712418 -3.876619 2554191
829 0.381537 -3.801578 -5.689109 2554286
830 -13.969195 17.773324 -9.422993 2554287
831 -8.568554 -13.615389 5.644634 2554112
832 2.218715 -6.660908 18.233874 2554243
833 -8.409304 -1.017451 17.262392 2554182
834 2.446490 -4.339606 7.615380 2554278
835 7.367965 3.025860 3.338723 2554181
836 -7.462797 -5.135508 11.077818 2554247
837 -25.565541 -21.255231 39.182408 2554145
838 -15.271626 -13.054389 -0.475618 2554132
839 -9.770485 -14.011196 -10.775451 2554211
840 -12.392758 -9.573502 -8.728643 2554433
841 -11.562383 7.611881 13.197262 2554108
842 -8.830968 14.419220 -6.998779 2554314
843 -1.615134 9.949606 20.437377 2554171
844 -2.192850 0.052295 -1.657601 2554419
845 2.263755 -12.289568 0.778883 2554372
846 10.443090 -6.162790 -22.010453 2554296
847 10.716923 -12.137297 -3.348460 2554099
848 -8.418690 -2.371963 11.554285 2554426
849 11.293590 15.082418 -5.838405 2554212
850 7.187563 18.701958 -9.630628 2554463
851 -4.301931 32.892927 -21.740450 2554322
852 -11.407363 -1.650139 -11.688798 2554034
853 -8.574074 -19.051108 0.210291 2554178
854 -6.898867 -4.761217 11.901661 2554137
855 0.518543 -6.805382 26.524353 2554333
856 -7.240538 6.053282 1.188953 2554275
857 -14.276523 1.760229 -15.600363 2554411
858 -8.375616 13.472297 -2.556064 2554346
859 5.223065 15.703018 8.449044 2554402
860 -1.381750 10.082042 -4.995619 2554300
861 -5.756045 8.663006 -3.910509 2554047
862 2.651218 5.168556 4.954911 2554353
863 -11.224637 -7.323552 12.787242 2554254
864 0.340327 -0.149755 10.675708 2554152
865 -6.644709 7.419813 7.307539 2554463
866 -5.787780 -0.722621 1.875863 2554283
867 5.875342 -5.239876 -13.744442 2554431
868 -1.424723 -4.134134 -11.105134 2554300
869 -14.693187 -16.765032 -6.464987 2554072
870 9.776845 -13.082813 -7.411576 2554373
871 14.583614 -15.892988 3.012224 2554275
872 -3.091178 4.567093 -2.066759 2554201
873 -8.090967 14.561494 13.958985 2554461
874 12.300045 -27.523430 -1.053579 2554255
875 17.795971 -3.804190 -19.423097 2554401
876 13.935542 7.161423 6.980515 2554309
877 -5.908183 -11.624046 1.729762 2554299
878 5.285343 9.999119 3.586681 2554285
879 -2.967434 5.042956 -18.123268 2554290
880 -10.192542 14.366747 5.748705 2554223
881 -10.527786 -1.526971 -8.112103 2554181
882 1.987034 -2.107146 3.036224 2554391
883 -8.716790 -15.696462 6.971145 2554320
884 -2.512701 -7.056830 -11.546364 2554456
885 3.259852 5.920485 0.493479 2554273
886 6.699250 5.245435 -10.338725 2554248
887 11.864835 16.977004 -24.032559 2554185
888 -3.255425 9.576857 -15.503698 2554107
889 -6.699922 12.002867 4.260104 2554517
890 -5.877583 4.367834 0.132105 2554261
891 7.922206 -7.936127 0.133757 2554468
892 10.782300 -7.475719 -4.271761 2554353
893 -5.674323 12.043276 -3.112126 2554305
894 -17.138099 -4.159144 -16.866234 2553929
895 1.079004 -7.147352 -21.096754 2554371
896 7.068075 15.245525 -3.960171 2554186
897 11.211340 8.696514 -14.081437 2554234
898 -6.774440 4.222313 -9.391057 2554300
899 1.521804 0.304535 2.577214 2554377
900 7.816098 -16.337518 7.591516 2554128
901 -10.477130 -3.320298 5.898797 2553985
902 -8.678621 5.554455 -1.931990 2554092
903 -2.855165 1.524507 5.906941 2554300
904 -8.148756 -5.673726 2.870008 2554179
905 5.142742 -11.555753 -4.232825 2554125
906 11.439231 13.900231 -8.947958 2554137
907 -7.633886 12.516224 -2.281643 2554406
908 -16.591192 -7.913468 -4.073791 2554261
909 -13.091852 -13.304713 -1.445356 2554257
910 -7.089513 1.988399 -7.280542 2554152
911 -6.178690 10.194113 -12.547113 2554176
912 -2.173982 -0.003763 -9.654370 2554434
913 14.833867 -4.366014 -11.128412 2554394
914 12.300454 -20.468516 7.099338 2554365
915 27.774143 -1.733121 2.584844 2554168
916 18.082795 14.406201 8.244351 2554276
917 11.790966 -1.496285 -4.889949 2554323
918 9.500264 -8.264070 12.286449 2554318
919 6.771914 5.909169 6.802007 2554241
920 11.627030 10.700034 -3.102654 2554520
921 5.642323 -1.602303 -30.069133 2554148
922 -19.676631 -3.778236 -5.713863 2554086
923 17.528471 -1.600688 7.671653 2554335
924 5.849389 -8.636131 -7.759100 2554153
925 2.569545 -6.244630 -19.716551 2554443
926 1.882772 13.972391 -22.751182 2554411
927 0.464050 -2.792432 3.027868 2554347
928 1.113821 -6.582973 -6.154163 2554419
929 9.328350 0.879548 -4.495038 2554400
930 3.537292 18.302562 -8.221710 2554196
931 3.188345 2.453555 -12.521870 2554488
932 -7.786949 0.054117 10.884291 2554258
933 -6.495834 -4.523319 10.207791 2554237
934 2.329158 -25.327501 -1.914287 2554309
935 -4.759432 -19.423336 -6.755868 2553949
936 0.064475 0.718213 7.438744 2554404
937 -8.668171 -5.727605 -1.301903 2554412
938 -10.820835 -19.298444 -10.007462 2554092
939 4.817950 -19.756047 6.912512 2554092
940 2.732330 6.874752 9.639307 2554391
941 15.924166 7.753931 12.674622 2554441
942 9.282876 -2.454102 24.421414 2554241
943 3.716257 4.004058 34.936596 2554129
944 4.493120 9.493733 22.616488 2554333
945 -7.114341 14.546247 -4.514235 2554123
946 -9.010659 12.582202 -4.596149 2554476
947 -7.168091 4.914247 -10.095862 2554408
948 -5.485842 1.642201 1.393750 2554424
949 -7.805485 -6.399380 6.676691 2554314
950 -7.231924 1.407176 14.206286 2554077
951 1.924590 0.829977 9.027494 2554051
952 -2.857686 3.670433 10.747487 2554306
953 -2.126883 10.415016 1.826115 2554228
954 10.597590 -2.157689 -28.060877 2554177
955 11.891849 4.751440 -3.664094 2554542
956 -10.393718 2.180331 7.706633 2554410
957 -12.105273 14.318579 14.057272 2554305
958 -23.021672 1.843886 6.240751 2554291
959 -12.506195 -12.304880 -10.814284 2554443
960 9.854892 7.684765 -0.782294 2554419
961 -0.775776 8.455754 2.665833 2554216
962 -10.423925 -9.383185 -20.577267 2554140
963 -9.361530 17.080719 9.787918 2554157
964 -5.718232 16.483948 10.684139 2554465
965 -10.467336 -4.249450 5.841049 2554196
966 9.142599 -3.926732 -10.191584 2554410
967 13.277151 -18.732449 -7.280492 2554445
968 -2.191996 -16.436267 5.482991 2554168
969 -3.980320 -10.892035 19.507244 2554333
970 7.064170 3.286512 9.672624 2554347
971 -6.337573 -6.209365 28.337135 2554175
972 -6.842385 9.794123 9.783381 2554313
973 2.757249 -1.057281 -1.659633 2554355
974 -10.117205 12.742737 5.398872 2554436
975 -2.830727 -6.292112 -2.297206 2554262
976 -1.707736 0.224756 -6.966637 2554372
977 12.459505 3.239341 8.126932 2554128
978 2.871467 -0.279062 6.189808 2554159
979 -7.784275 6.255124 10.133206 2554157
980 -6.312282 -9.233246 -6.057686 2554072
981 -21.281333 -1.045993 4.101441 2554239
982 -3.787883 -8.596022 7.224845 2554110
983 12.926515 -6.421165 4.943328 2554273
984 -5.857050 11.689048 5.685955 2554130
985 12.981849 5.579521 2.878677 2553928
986 12.524399 3.052713 8.756701 2554448
987 -10.094237 -7.093744 -5.888102 2554496
988 23.175047 18.080039 -8.690852 2554264
989 16.457127 9.444325 -3.235843 2554133
990 3.674267 2.760009 12.338557 2554327
991 -14.672324 11.458848 -3.099823 2554445
992 -13.675782 -0.215011 -5.273328 2554294
993 -5.124256 5.590712 -6.308052 2554388
994 -3.090471 -3.491585 -6.340144 2554385
995 2.323694 2.419443 -7.445552 2554217
996 0.254692 12.172234 12.798080 2554295
997 1.985097 6.245380 0.582584 2554127
998 -2.288002 12.001565 -1.465629 2554214
999 9.038365 20.825193 -11.088411 2554098
1000 9.319664 7.893953 -16.402606 2554235
