1 46.793538 83.016669 60.738887 2554314
2 391.247996 113.683871 89.438685 2554468
3 207.687495 54.958631 93.695705 2554360
4 482.519436 118.686662 252.038103 2554226
5 70.936044 101.875768 113.788833 2554174
6 78.356275 357.746444 444.303716 2554102
7 57.363794 27.119186 103.613755 2554542
8 62.716330 94.466026 89.542793 2554389
9 144.115874 365.601581 50.997531 2554346
10 69.194112 331.966021 130.612997 2554406
11 41.430421 305.512436 106.238854 2554405
12 86.374453 94.315699 225.155742 2554203
13 70.547460 121.679670 94.172109 2554252
14 72.095847 104.906023 142.319393 2554430
15 79.629799 149.815756 58.407920 2554431
16 261.217519 155.525140 144.308333 2554245
17 132.220778 167.518876 58.500185 2554196
18 162.281554 112.240274 142.644614 2554316
19 124.065288 95.467330 242.562877 2554165
20 250.101981 339.852416 96.343497 2554309
21 204.103705 182.783655 487.954959 2554105
22 99.536808 568.901240 234.114758 2554246
23 111.326371 323.596031 133.186021 2554438
24 228.904253 229.873045 54.390293 2554289
25 346.956262 161.354488 171.361985 2554251
26 175.910122 83.832443 133.670851 2554470
27 192.073845 61.209943 60.934255 2554290
28 107.538984 67.047318 194.295929 2554299
29 353.151214 552.551834 112.425314 2554239
30 293.173801 154.626828 290.718450 2554265
31 212.318105 170.697467 125.414538 2554197
32 85.702495 255.903426 82.997833 2554241
33 159.698588 84.228901 60.276215 2554438
34 102.224994 132.918138 424.907628 2554243
35 152.712033 195.486742 76.829469 2554266
36 129.837723 143.720360 401.951674 2554324
37 222.453711 263.047125 106.561652 2554182
38 107.500165 193.378368 178.664870 2554413
39 201.827569 420.375906 75.975772 2554377
40 59.918429 167.530688 182.695727 2554248
41 165.737643 71.595707 145.722874 2554265
42 333.164511 85.166994 169.102515 2554132
43 406.647255 75.600546 197.419590 2554580
44 87.294822 79.375342 45.846014 2554223
45 385.458792 85.259283 110.069114 2554214
46 92.559624 79.087448 739.685306 2554336
47 405.087697 78.640849 411.763922 2554282
48 524.104455 38.486642 124.135524 2554494
49 238.523629 143.166805 58.528629 2554160
50 51.978155 204.271058 440.240010 2554281
51 439.655191 132.311144 82.887708 2554367
52 135.154198 86.955236 123.204643 2554478
53 138.393268 251.154482 287.696121 2554296
54 116.203784 1119.290471 133.283185 2554132
55 93.491617 392.687421 456.386285 2554257
56 142.048851 658.244135 500.004930 2554221
57 152.934515 87.217006 188.544520 2554388
58 299.353025 188.264609 101.681831 2554395
59 162.046584 144.186048 68.695302 2554188
60 54.096024 49.984298 138.657728 2554235
61 350.117495 45.454263 300.997334 2554363
62 122.264980 83.038012 198.679913 2554246
63 292.848880 216.854722 167.891133 2554300
64 207.778929 172.751795 64.070521 2554388
65 164.124642 101.243031 250.375477 2554254
66 52.407987 159.138404 148.946252 2554146
67 163.195932 59.741498 82.754715 2554132
68 244.377835 197.376141 770.389559 2554309
69 270.852979 123.600573 163.705099 2554158
70 60.310236 22.370826 161.236857 2554491
71 88.543765 130.274877 48.764309 2554567
72 198.590436 660.730582 62.396033 2554133
73 460.710212 151.604359 78.212806 2554150
74 243.976139 155.375510 467.497580 2554096
75 81.504552 588.426122 238.233999 2553765
76 81.801401 310.623808 144.120316 2553921
77 68.044986 180.123236 369.638519 2554229
78 73.074992 105.716645 254.547862 2554317
79 128.753883 136.245999 69.204613 2554141
80 132.176207 59.833477 366.596868 2554174
81 190.880491 80.106984 299.164776 2554351
82 589.755491 145.174854 309.158503 2554492
83 68.909188 282.226314 459.743036 2554000
84 61.746866 105.763418 128.562352 2554233
85 90.999054 213.669020 93.103639 2554415
86 55.096025 220.476234 228.996628 2554181
87 253.546041 167.828781 465.084649 2554156
88 323.745392 435.649590 314.297823 2554293
89 87.735619 58.339786 311.095227 2554438
90 219.555067 54.907868 133.222065 2554375
91 107.959094 302.720765 151.066010 2554163
92 51.902977 135.314607 873.986377 2554394
93 98.166244 126.410405 353.651589 2554270
94 160.784292 63.622305 34.083845 2554338
95 225.764181 344.140849 131.348197 2554083
96 106.962626 149.389320 196.141912 2554082
97 183.368957 119.595261 140.892768 2554300
98 264.793510 106.937097 253.408244 2554347
99 112.186739 154.150627 41.394286 2554370
100 35.181922 45.262993 211.519271 2554487
101 46.390183 250.545182 230.915660 2554504
102 216.118843 166.493842 121.864929 2554194
103 172.989174 46.302365 128.573219 2554355
104 154.875448 68.371950 127.957146 2554362
105 79.228770 53.369847 47.231591 2554221
106 116.564215 146.925768 200.465068 2554407
107 312.894471 96.901523 125.641215 2554119
108 167.519375 146.956849 103.713186 2554245
109 77.509620 101.888508 68.587254 2554219
110 92.136948 58.413638 101.900046 2554267
111 262.274850 80.425434 180.697049 2554357
113 150.094052 103.388926 63.258736 2554498
114 126.937964 74.698252 114.374804 2554097
115 101.873998 271.772956 63.634369 2554267
116 197.101222 277.365953 86.514889 2554391
117 274.860726 60.573270 289.818337 2554220
118 60.410706 42.917499 108.015971 2554277
119 24.962709 61.535699 342.628955 2554448
120 195.755503 38.775927 291.773754 2554212
121 184.872159 235.667267 97.842985 2554106
122 261.079464 266.477037 87.988677 2554257
123 57.599936 117.497925 181.461826 2554114
124 354.557045 139.336149 409.781517 2554300
125 100.889056 108.126978 139.835593 2554153
126 120.400755 47.894729 146.560123 2554128
127 78.483616 148.810655 56.268485 2554248
128 475.954704 63.577381 127.619252 2554366
129 103.887461 64.055713 74.854370 2554504
130 98.276334 403.759455 415.309233 2554285
131 248.371609 108.818624 231.221337 2554164
132 232.198498 483.832373 458.275007 2554433
133 102.283022 34.913807 91.051008 2554307
134 138.270921 141.727797 238.754221 2554354
135 71.566013 161.228255 226.814871 2554318
136 261.955881 281.881750 357.945015 2554334
137 58.381621 891.945428 190.005135 2554499
138 365.695420 176.979075 167.690124 2554326
139 214.337360 240.001880 42.045850 2553999
140 110.639039 187.676420 507.659179 2554293
141 131.647376 247.090424 231.247326 2554241
142 73.010957 181.998380 55.082821 2554388
143 113.748259 97.061896 70.236197 2554414
144 410.071589 187.398502 163.315425 2554486
145 335.218936 113.716503 103.047436 2554287
146 336.015324 329.935393 91.292982 2554145
147 41.161967 97.120092 230.760606 2554243
148 44.576064 102.040899 112.486750 2554523
149 90.459864 256.647307 73.540432 2554347
150 191.153471 188.996081 52.995766 2554354
151 343.979661 95.329870 48.186396 2554077
152 363.870863 114.923349 101.414825 2554554
153 225.394569 107.496687 225.785735 2554254
154 46.776661 82.701709 61.101706 2554492
155 113.677312 397.375953 70.566559 2554211
156 121.173696 211.511392 250.815797 2554265
157 175.124385 194.024065 94.788568 2554622
158 234.950942 157.740907 233.139428 2554215
159 62.151226 59.325785 113.047392 2554211
160 110.297498 87.273727 221.659896 2554087
161 97.126005 55.729901 153.034435 2554342
162 205.787418 58.647635 101.899042 2554260
163 37.698882 100.214562 228.127470 2554072
164 84.050361 62.284517 284.739629 2554303
165 89.093728 56.843149 243.538151 2554357
166 328.858154 188.935605 214.138171 2554240
167 138.139191 130.112426 131.350175 2554180
168 295.184214 328.597698 163.481703 2554217
169 90.546912 175.582590 82.596796 2554275
170 570.898737 61.837318 248.287041 2554249
171 97.278730 101.953448 74.118353 2554181
172 134.277753 243.284972 107.140023 2554298
173 236.088847 230.641811 167.975193 2554058
174 165.570174 60.708836 216.874755 2554240
175 180.337372 58.653097 62.697087 2554133
176 78.793026 172.891886 89.412039 2554259
177 165.793187 71.611446 78.108974 2554186
178 222.431421 140.551728 489.246480 2554225
179 66.845547 46.267204 237.099683 2553898
180 75.912555 422.172573 82.263277 2554305
181 465.224938 115.323147 111.884783 2554218
182 502.330402 146.043017 127.492146 2554350
183 299.878134 115.209858 448.269099 2554041
184 122.523564 52.964600 223.736049 2554142
185 69.362591 361.753022 89.276633 2554318
186 47.819592 38.214102 302.989802 2554088
187 271.650109 47.488339 150.707233 2554517
188 418.355973 386.010963 458.712917 2554086
189 93.022350 113.491877 64.177077 2554271
190 89.132796 102.449288 50.886964 2554262
191 458.773407 110.599960 424.781789 2554203
192 415.024700 624.436014 79.674912 2554225
193 549.669216 456.416585 248.124954 2554235
194 62.266999 68.517636 75.733089 2554250
195 95.963906 71.913851 98.151269 2554130
196 140.940942 121.290644 80.839751 2554246
197 242.457774 67.631912 389.373904 2554051
198 196.347579 117.451634 100.236487 2554062
199 78.651053 197.573778 54.552328 2554228
200 254.535746 138.299433 274.782041 2554278
201 95.747118 50.447178 189.152620 2554289
202 87.469297 131.960693 152.349911 2554107
203 170.906620 49.563433 57.503791 2554405
204 144.616113 108.808109 123.955190 2554254
205 89.131632 258.157254 280.433164 2554208
206 295.251644 246.868175 148.671878 2554209
207 111.067746 368.258814 167.835959 2554420
208 209.525525 193.390774 454.735507 2554158
209 196.159206 91.893976 105.706010 2554192
210 104.856471 79.157839 285.669908 2554253
211 94.174069 121.946046 237.605045 2554308
212 281.516722 88.981279 104.782836 2554275
213 183.497793 70.232759 161.441319 2554402
214 176.072786 359.467596 117.941709 2554305
215 168.321828 263.262835 252.991183 2554169
216 152.395947 424.735448 209.837177 2554235
217 107.549900 105.565862 184.329185 2554395
218 408.594918 90.442568 93.782556 2554263
219 169.136414 133.467729 125.148795 2554195
220 417.222501 42.290806 389.038596 2554285
221 218.955181 160.960444 80.490208 2554089
222 495.961866 146.404020 184.164228 2554282
223 335.278641 140.875444 170.592572 2554428
224 753.351663 82.212647 61.531762 2554045
225 248.913287 512.977384 147.094255 2554111
226 129.640078 564.808466 89.456153 2554185
227 57.556389 154.667683 136.520342 2554261
228 430.355723 198.862267 166.811956 2554113
229 189.116237 225.458949 148.814405 2554201
230 138.792983 589.310582 150.512016 2554398
231 415.973254 94.921146 197.408721 2554396
232 398.461871 90.206845 67.444552 2554412
233 281.306631 171.793925 308.389592 2554169
234 53.941949 600.724383 162.215587 2554348
235 46.322504 538.415371 103.719419 2554364
236 371.689750 74.825259 35.908312 2554235
237 45.072342 45.614772 217.751488 2554440
238 364.565416 187.355533 78.778839 2554379
239 141.372436 122.455514 36.199977 2554485
240 29.792081 142.197145 752.499267 2554247
241 121.364038 254.881501 111.710794 2554106
242 126.450189 106.438140 69.665441 2554283
243 104.571530 365.947365 151.079268 2554364
244 99.438921 229.915082 176.351270 2554057
245 51.728400 74.055543 278.629701 2554336
246 100.770117 717.515417 42.663074 2554010
247 75.643811 963.707111 161.493824 2554141
248 317.603879 643.565112 324.313580 2554163
249 127.185050 382.535051 96.926934 2554178
250 80.283814 384.083428 87.218774 2554226
251 61.088959 911.610897 388.773095 2553966
252 255.421704 265.691942 286.266315 2554284
253 276.451493 112.323681 96.955171 2554287
254 417.597413 106.656525 326.329177 2554277
255 70.212304 130.993602 175.637476 2554066
256 126.564938 170.048220 261.618425 2554346
257 317.746220 367.415575 524.474331 2554079
258 66.981307 316.730154 218.155083 2554315
259 62.721960 646.681309 297.631965 2554362
260 52.336889 161.198745 195.926839 2554379
261 109.622420 31.487563 223.744554 2554379
262 231.807199 65.934408 1079.846308 2554396
263 122.421986 146.728485 156.467689 2554185
264 201.305059 254.700242 89.941133 2554496
265 253.537093 617.801969 188.179885 2554140
266 464.881906 490.974885 324.114351 2554333
267 118.279316 34.662617 200.311211 2554264
268 181.241502 63.460764 70.660528 2553995
269 73.546926 100.016849 75.942971 2554107
270 320.869231 203.069489 165.626553 2553989
271 45.459354 196.267606 95.589739 2554332
272 81.438533 175.446705 170.479981 2554259
273 89.431644 59.566437 201.729836 2554199
274 177.154889 307.654035 82.219174 2554364
275 118.130120 207.803613 355.267038 2554407
276 92.572645 34.719123 375.651356 2554222
277 123.177276 83.671002 199.952994 2554408
278 58.915330 135.147720 469.038692 2554127
279 296.126049 110.067187 94.079910 2554253
280 55.632653 129.300920 185.914863 2554186
281 374.314627 38.406903 219.220785 2554376
282 427.589462 358.226746 155.464817 2554420
283 172.801031 95.236553 192.268930 2554049
284 286.532022 172.406989 57.243744 2554366
285 255.552632 93.362733 53.631240 2554193
286 356.268649 101.284238 144.232512 2553861
287 161.914658 44.067088 69.088236 2554259
288 108.893416 249.190364 218.201492 2554578
289 267.454674 327.220558 188.386510 2554128
290 153.262230 87.037915 105.208991 2554279
291 66.604832 138.186695 110.810440 2554350
292 184.219252 80.074757 231.939191 2554433
293 1151.103873 82.982574 74.514272 2554197
294 391.285833 176.215124 58.106727 2554145
295 136.727225 145.504531 563.184057 2554372
296 110.889775 240.512567 43.964570 2554201
297 197.543848 54.163929 119.561098 2554356
298 119.552359 235.260679 91.826915 2554226
299 615.992663 118.688133 138.952576 2554370
300 406.664786 63.353422 248.291810 2554254
301 177.892042 221.397429 365.900782 2554024
302 156.310514 164.181106 133.810414 2554083
303 235.416890 98.081441 375.610119 2554537
304 407.382467 92.041653 325.715239 2554063
305 170.837509 71.027432 188.004007 2554228
306 58.187338 100.422711 583.385722 2554061
307 268.430862 311.868394 563.759714 2554101
308 219.368686 307.406491 64.128910 2554167
309 136.220014 305.071101 214.107787 2554042
310 88.197346 169.901982 92.325361 2554581
311 66.443665 58.522340 55.110710 2554519
312 135.257580 259.285736 323.295985 2554140
313 269.384139 112.299841 233.081441 2554224
314 220.215504 128.752674 131.963682 2554381
315 190.916044 329.619837 91.906397 2554121
316 171.269419 78.268780 70.640244 2554061
317 162.475995 279.735007 329.167303 2554147
318 29.409680 336.051231 477.830543 2554126
319 223.153306 55.871012 379.472989 2554340
320 246.230443 58.890132 138.295330 2554117
321 88.720858 64.837489 302.211945 2554149
322 160.660646 282.041519 77.575901 2554136
323 203.229931 110.662210 48.730219 2554200
324 152.163676 92.568690 532.681454 2554266
325 181.328910 172.512262 82.929889 2554442
326 152.338009 98.599022 118.767259 2554191
327 152.651501 84.088960 277.019656 2554239
328 41.446437 72.764806 122.594193 2554267
329 223.880132 25.296807 239.703518 2554271
330 115.468362 168.277594 563.045760 2554351
331 197.255162 302.242202 72.281643 2554093
332 482.963776 446.533497 149.513101 2554125
333 78.089367 179.280848 288.540371 2554039
334 25.211401 151.342965 149.309787 2554315
335 75.948302 332.841292 154.396608 2554121
336 116.712386 60.934869 68.062458 2554420
337 136.057623 142.694431 105.910750 2554393
338 174.996756 129.951886 119.906250 2554174
339 247.735014 200.397843 85.702090 2554333
340 54.949149 288.583088 115.890215 2554063
341 131.266807 41.935335 67.113118 2554440
342 59.007407 251.294397 241.288066 2554365
343 74.403777 147.660303 285.148128 2554106
344 74.501671 139.197755 78.877040 2554130
345 79.220062 475.867525 198.012790 2554538
346 93.239524 123.205232 238.561917 2554398
347 458.709998 55.539273 398.556120 2554262
348 345.968766 142.491218 254.053676 2554429
349 69.559651 302.495824 36.453845 2554149
350 81.802981 155.127216 46.546210 2554162
351 132.081604 219.614037 162.502896 2554104
352 269.357135 105.281190 139.437040 2554402
353 255.879338 448.612913 29.511576 2554318
354 251.643029 79.616649 96.570324 2554423
355 88.148325 306.515687 101.175966 2554545
356 345.517193 580.400432 141.882707 2554434
357 153.611842 176.011816 76.536521 2554520
358 305.474131 76.112355 296.099005 2554009
359 200.779391 117.382881 37.412491 2554235
360 115.679454 189.723836 127.154794 2554309
361 172.016791 145.430644 620.905682 2554373
362 159.121176 359.801163 87.173201 2554360
363 211.555244 250.394998 293.389793 2554190
364 117.915965 96.916235 77.713129 2554091
365 260.506023 268.523384 303.883889 2554122
366 320.699626 250.722578 236.064114 2554201
367 317.587520 715.697850 85.268445 2554047
368 146.969246 77.727838 191.526733 2554158
369 147.849875 64.180351 121.477217 2554173
370 587.651393 52.734804 77.703729 2554303
371 516.834889 246.730262 180.454658 2554160
372 190.019630 125.222804 93.160243 2553913
373 62.391239 248.552400 45.642294 2554181
374 145.685726 110.457135 48.732179 2554289
375 136.969081 132.371816 150.053904 2554400
376 517.900902 116.094551 403.694404 2554201
377 399.044280 213.576890 95.517304 2554214
378 117.051879 145.844980 897.967400 2553997
379 122.574461 248.154126 446.500006 2554065
380 216.030182 350.427301 211.549170 2554299
381 146.612279 211.959876 42.322435 2554291
382 301.528882 275.248268 73.156250 2554246
383 62.644325 184.104350 143.830410 2554172
384 261.673306 313.348463 35.632884 2554250
385 219.083106 59.946726 137.663326 2554414
386 251.446455 97.707970 200.716574 2554426
387 80.711905 81.558398 160.961124 2554261
388 63.261049 344.571826 296.018996 2554304
389 129.565732 616.690422 87.383638 2554220
390 450.860453 188.725575 85.237687 2554241
391 195.245571 317.896533 211.287805 2554172
392 157.494561 285.080959 103.719150 2554254
393 270.442824 184.899130 209.241875 2554260
394 162.191581 371.187989 168.914616 2554214
395 86.540102 321.585328 89.204038 2554258
396 199.295535 132.095727 252.697991 2554332
397 84.835894 60.659914 228.583304 2554243
398 60.114348 202.742493 153.305022 2554278
399 139.620983 68.779508 81.646703 2554280
400 90.716992 303.812297 99.825690 2554156
401 183.117986 171.924299 167.335441 2554307
402 185.387868 105.615926 393.343299 2554012
403 94.008730 135.638728 1203.317253 2554240
404 135.460036 96.666958 1137.492430 2554060
405 163.074674 98.735236 133.099127 2554286
406 125.064441 101.844872 540.322824 2554269
407 104.565107 115.338452 108.043122 2554334
408 101.147655 143.657940 526.962417 2553961
409 65.571377 109.774949 181.522918 2554315
410 160.709218 115.409699 108.682710 2554269
411 105.204356 75.033847 410.127233 2554068
412 138.190493 56.151475 254.151819 2554299
413 142.571564 107.299413 56.886415 2554583
414 66.234878 44.012486 257.023617 2554618
415 117.413831 126.963076 48.400539 2554080
416 72.854042 148.106622 405.396395 2554079
417 144.600903 255.379055 339.839227 2554178
418 615.246876 66.914161 127.852591 2554166
419 651.515158 125.720006 78.883876 2554239
420 70.077684 88.902535 88.934347 2554246
421 102.173101 246.101038 287.930026 2554455
422 99.232272 578.813405 727.890842 2554015
423 271.293405 114.032399 171.465444 2554411
424 128.627514 94.424699 19.973750 2554374
425 644.116859 447.423238 341.488720 2553978
426 244.298078 235.453326 114.422820 2554346
427 288.967050 54.612995 489.676069 2554112
428 107.618953 58.619116 273.285735 2554337
429 165.567079 206.722866 134.045019 2554287
430 211.461732 100.593260 479.627478 2554295
431 94.084879 214.828071 716.116676 2554206
432 49.642436 343.961646 112.370713 2554457
433 221.049508 95.246534 41.179805 2554200
434 389.287333 58.209462 109.305174 2554320
435 109.083884 51.815012 180.527623 2554284
436 88.353435 155.923676 460.123508 2554302
437 317.258128 57.843768 123.586116 2554101
438 412.456398 48.806497 342.236778 2554298
439 169.974688 68.957450 271.196445 2554257
440 86.354183 208.463362 205.728070 2554398
441 150.379122 314.810298 470.925325 2554028
442 191.213853 389.184623 199.828526 2554327
443 677.509955 93.143109 281.820052 2554356
444 104.824246 104.760913 47.848579 2554464
445 276.177449 167.161242 138.539311 2554168
446 265.023767 119.526016 124.111646 2554313
447 46.714666 101.185441 434.494955 2554407
448 144.812896 178.288734 763.126751 2554294
449 213.034775 171.937109 179.529077 2554202
450 118.142302 223.307873 111.303943 2554254
451 78.176108 92.985263 41.036544 2554270
452 344.581607 155.826296 67.299892 2554101
453 138.645858 254.995294 123.314307 2554355
454 214.532285 745.424526 277.695398 2554170
455 169.537938 332.086849 132.393055 2554061
456 115.184033 100.208396 27.656332 2554242
457 53.440746 59.710066 207.669955 2554147
458 70.695772 79.846732 37.006147 2554127
459 178.098910 264.882728 741.873722 2554206
460 353.865163 440.129151 161.877884 2554137
461 113.952221 94.015475 65.839091 2554271
462 64.527698 121.593148 329.611956 2554249
463 588.912126 112.716808 163.554782 2554072
464 364.956132 108.092757 38.246296 2554177
465 82.190714 112.160515 221.361198 2554277
466 72.220713 512.952220 185.932760 2554345
467 148.074406 74.161809 308.936460 2554457
468 291.429402 46.307931 225.208253 2554338
469 180.216712 93.446578 75.760352 2554388
470 58.549197 234.964459 80.677241 2554217
471 138.296996 96.046034 184.498228 2554022
472 95.198876 183.385558 117.954276 2554176
473 208.591378 98.855164 76.553528 2554223
474 110.966163 79.116776 52.061111 2554348
475 107.506893 158.194869 99.367450 2554139
476 274.116620 264.195972 103.181974 2554046
477 389.527238 352.098942 135.000694 2554110
478 304.825569 149.732393 239.806423 2554044
479 162.491893 450.608786 87.517424 2554381
480 170.878047 418.846358 261.602834 2554216
481 112.767561 449.471176 32.815391 2554313
482 210.335534 38.686053 400.462668 2554285
483 39.959148 49.479310 99.193756 2554361
484 154.443305 63.337221 65.020899 2554271
485 187.835321 222.193579 225.245453 2554389
486 42.998836 48.872007 286.498040 2554419
487 314.277902 110.489670 162.110548 2554241
488 259.936197 331.507947 101.566353 2554563
489 172.986995 72.025967 298.158582 2554010
490 205.437448 212.440395 167.629932 2554181
491 258.949074 89.293606 359.335151 2554292
492 272.582855 257.404439 320.372450 2553806
493 721.008853 255.773364 39.008350 2554331
494 50.721924 264.126940 68.607148 2554086
495 114.876581 130.978498 118.308477 2554342
496 150.913431 233.686238 64.505068 2554217
497 66.808809 371.659578 44.437539 2554176
498 22.571025 102.600006 32.296432 2554280
499 68.089017 148.311526 82.645936 2554099
500 276.008512 101.585484 59.262102 2554163
501 220.014350 76.860294 185.408566 2554306
502 216.448411 420.715496 47.125568 2554196
503 103.599861 243.004363 885.972946 2553972
504 160.839214 206.391291 368.219275 2554261
505 140.805721 89.964101 162.130990 2554202
506 356.649297 66.270418 110.410569 2554269
507 147.437520 45.216122 106.478568 2554428
508 257.599674 165.289269 135.930684 2554066
509 169.314379 99.808134 93.455797 2554218
510 152.741080 46.926378 339.979428 2554401
511 429.402268 421.176512 139.793771 2554234
512 386.305912 160.160296 150.149134 2554363
513 174.435656 758.159124 357.135877 2554238
514 209.285627 104.767321 100.039872 2554222
515 814.432908 301.276297 125.399912 2554278
516 296.511889 26.084775 287.087613 2554201
517 262.063021 107.169857 52.682142 2554115
518 612.532423 75.639064 343.651498 2554352
519 925.885672 63.001986 93.261849 2554295
520 145.202586 110.654103 102.459706 2554172
521 137.019520 145.228784 87.543997 2554178
522 495.377538 494.405706 246.711192 2554295
523 715.239076 251.038277 124.644336 2553941
524 398.258812 530.345187 164.456398 2553884
525 140.185901 86.305968 89.930093 2554111
526 165.436450 63.162387 161.528869 2554236
527 106.216833 260.144064 114.709313 2554431
528 236.209055 44.232316 75.691136 2554243
529 83.217539 121.494643 527.684170 2554186
530 67.534713 37.595050 187.980575 2554176
531 153.221414 63.949890 73.923141 2554236
532 338.568746 59.251714 190.609495 2553985
533 183.625861 275.220661 425.173234 2554517
534 106.756062 352.806396 185.667028 2554172
535 198.600298 143.741492 118.976778 2554309
536 180.846891 351.480870 99.305883 2554042
537 51.284467 158.640219 409.189383 2554233
538 85.839619 284.286917 126.460686 2554620
539 57.507933 44.877318 126.825544 2554082
540 125.511541 41.129115 101.010640 2554442
541 87.918288 40.256216 117.103957 2554118
542 66.358482 94.937038 109.465747 2554324
543 98.025273 150.800907 304.982267 2554385
544 263.611804 222.223379 211.786955 2554240
545 69.824170 145.875933 46.553636 2554208
546 122.057485 535.046760 261.225152 2554268
547 54.643500 48.184569 65.431520 2554086
548 52.995615 199.957475 66.696407 2554099
549 113.367221 255.506581 266.788151 2554196
550 52.185173 282.364850 166.553819 2554474
551 111.652625 924.219023 106.533631 2554276
552 323.167118 136.710053 52.003129 2554347
553 109.689024 28.083284 144.159963 2554203
554 108.181034 265.300691 83.421714 2554280
555 155.060859 144.972446 60.625011 2554510
556 108.542706 128.386423 94.810990 2553994
557 171.420179 45.882315 186.625238 2554262
558 126.940500 86.977810 71.760364 2554214
559 235.566688 325.488446 61.756266 2554226
560 160.288187 99.539154 335.042554 2554247
561 83.079121 140.892473 659.187536 2554276
562 171.799259 243.588957 105.976336 2554202
563 224.963605 158.493719 108.776205 2554272
564 195.710656 107.018681 105.119227 2554369
565 199.991867 414.990199 65.510322 2554255
566 96.469638 298.676493 58.561863 2554035
567 215.990152 347.095824 350.263386 2554424
568 30.960239 832.565710 136.112018 2554186
569 61.692421 221.482781 101.706860 2554134
570 106.026330 509.818687 148.103746 2554233
571 139.856922 211.102972 112.144955 2554357
572 171.988012 320.591590 129.781967 2554295
574 230.877575 106.975136 56.729753 2554245
575 63.217982 171.217229 352.361100 2554244
576 72.007173 273.239822 34.448412 2554276
577 161.311224 163.874567 47.073142 2554178
578 234.517102 202.110967 227.726495 2554256
579 82.590876 182.662957 94.560062 2554022
580 44.147733 121.446858 328.275260 2554241
581 99.193953 130.785513 229.361347 2554359
582 491.924530 381.467172 550.318425 2553963
583 137.470891 153.523159 609.043707 2554131
584 268.222581 127.709677 25.965456 2554294
585 112.642980 175.746279 51.408050 2553975
586 133.061508 416.474592 143.888228 2554270
587 348.693875 756.847450 98.821230 2554164
588 663.727883 225.808354 87.824114 2554313
589 240.567479 255.236927 89.513962 2554120
590 162.046120 76.225640 45.039630 2554163
591 806.136135 87.409400 158.526644 2554376
592 227.334933 122.932989 132.292503 2554299
593 215.553673 110.414478 215.476280 2554381
594 71.188764 53.527471 116.396003 2554291
595 143.089123 454.799499 828.179354 2554348
596 273.535757 1212.764321 215.733701 2553950
597 131.543028 366.445643 98.920756 2554242
598 210.561455 114.050936 195.411789 2554354
599 185.479068 122.344474 958.966189 2553958
600 97.438115 95.848684 247.145384 2554150
601 343.115590 191.934585 135.236115 2554073
602 89.104494 937.615716 81.533569 2554178
603 71.899098 171.932269 221.624840 2554162
604 90.788966 347.763797 206.111709 2554230
605 80.401199 107.286180 69.505191 2554411
606 200.439080 79.871743 142.225887 2554158
607 129.201453 65.810140 37.953080 2554524
608 298.304975 261.292903 98.881019 2554436
609 305.312502 141.505900 190.365179 2554281
610 261.561355 498.206956 60.307278 2554164
611 41.243132 107.119075 255.948592 2554309
612 47.308769 147.924052 382.337777 2554204
613 165.637505 53.897554 38.623169 2554273
614 142.714301 87.455862 94.671910 2554208
615 47.673940 69.477934 251.072112 2554102
616 82.602657 84.826282 115.982232 2554145
617 68.688270 356.230883 105.312202 2554180
618 40.679051 324.184824 53.361035 2554224
619 84.630435 227.083582 164.052584 2554300
620 502.118397 267.050974 67.998167 2554210
621 69.260804 180.865705 127.530028 2554262
622 353.678859 136.568178 350.848666 2554244
623 214.880912 71.344858 65.482130 2554186
624 246.490536 86.399646 51.541733 2554197
625 37.506057 235.732217 114.316549 2554249
626 112.461698 288.132931 77.740609 2554438
627 699.979848 229.940169 106.928957 2554133
628 436.577673 503.402513 480.623205 2554132
629 322.052768 210.082873 394.809991 2554187
630 75.524144 337.218088 342.751653 2554271
631 304.255129 209.508233 106.610205 2554122
632 273.088634 764.725798 48.203245 2554167
633 104.716805 40.782775 481.382902 2554353
634 473.659763 84.351108 242.555681 2554196
635 95.030429 57.638379 59.780375 2554199
636 78.457437 113.789801 139.422343 2554224
637 93.573387 78.045554 81.235277 2554263
638 106.127119 160.482152 104.620735 2554356
639 54.368913 183.588938 65.209432 2554524
640 128.076809 174.544260 850.810026 2554195
641 118.033210 134.027428 164.957280 2554392
642 51.683074 66.227346 82.488764 2554024
643 162.554731 115.902137 92.871062 2554474
644 236.738352 376.498213 348.392650 2554321
645 158.385418 221.314596 387.593572 2554231
646 534.810973 233.054038 120.099060 2554140
647 316.862130 230.800805 83.136060 2554217
648 37.564788 642.024421 104.701801 2554264
649 70.156996 75.675301 314.069728 2554078
650 415.278854 348.790993 91.760573 2554014
651 193.134068 353.364314 145.467749 2554488
652 160.419436 111.536336 85.679183 2554398
653 197.751724 315.499838 118.407458 2554317
654 423.073953 66.296366 151.374629 2554284
655 261.569544 121.595027 138.312597 2554352
656 128.579517 103.855257 101.504620 2554395
657 250.561418 140.363128 62.261353 2554493
658 250.467006 412.611930 182.990772 2554288
659 77.528874 195.308107 253.227474 2554540
660 108.568235 88.199173 77.478378 2554352
661 47.386558 165.250437 207.502511 2554481
662 106.992210 125.002324 155.821780 2554218
663 128.249535 65.440956 54.207810 2554418
664 66.312498 51.094599 205.922868 2554194
665 226.510275 239.586471 73.081462 2554539
666 172.609873 114.349108 83.645288 2554388
667 54.639620 128.069671 216.245219 2554412
668 119.453181 72.971152 637.805615 2554409
669 195.502566 79.852260 284.619485 2554222
670 111.626458 78.902288 261.531229 2554181
671 444.094882 141.859646 411.898654 2554092
672 113.546076 121.914203 117.712503 2554261
673 144.616715 346.259267 185.304730 2554282
674 256.493984 458.900407 257.073796 2554308
675 88.075857 132.810310 456.355474 2554393
676 129.033234 96.763539 334.083847 2554490
677 137.871637 192.947574 144.914378 2554198
678 77.542023 129.647076 239.514537 2554173
679 579.326715 81.191827 162.795899 2554226
680 83.292749 308.041978 80.915307 2554418
681 166.369868 92.822270 132.899475 2554459
682 461.769460 59.384347 90.006937 2554090
683 472.976913 74.689987 112.133860 2554261
684 74.459945 84.685376 93.800419 2554079
685 73.055992 129.936145 150.622363 2554262
686 165.701511 122.794967 177.704954 2554304
687 76.926961 127.820127 186.816585 2554475
688 90.489126 251.463294 224.392974 2554248
689 58.210201 161.148030 260.739638 2554258
690 219.599034 164.712569 420.334775 2554235
691 365.653942 497.572047 209.911163 2554398
692 177.466546 156.390336 798.106401 2554255
693 239.074147 291.568626 91.964224 2554395
694 293.686476 662.450546 99.081721 2554131
695 90.652840 185.754566 72.395871 2554131
696 77.282223 76.897317 103.761837 2554386
697 121.243751 95.758011 101.416357 2554231
698 113.619865 516.514652 121.941153 2554051
699 183.083723 50.244617 77.369118 2554281
700 284.064847 75.371822 53.216943 2554498
701 301.862830 227.639043 197.308536 2554245
702 35.903789 114.855669 147.580625 2554313
703 105.106876 83.044155 74.104507 2554304
704 86.092552 147.950212 45.898087 2554467
705 188.502066 189.843993 779.255516 2554146
706 358.331697 128.843693 60.343828 2554215
707 339.328216 88.125658 314.889946 2554067
708 105.892894 79.087353 66.116355 2554495
709 133.367951 215.771707 210.708960 2554146
710 564.182690 90.014228 25.015962 2554088
711 67.155727 109.681326 114.964901 2554466
712 172.366444 126.008069 262.648485 2554145
713 171.789297 83.956692 254.232223 2554365
714 270.068096 76.566148 107.981156 2554463
715 108.332470 298.150272 83.499379 2554318
716 40.374807 113.816424 43.456030 2554326
717 163.423622 41.410491 34.500552 2554237
718 103.055778 119.582049 184.808015 2554402
719 58.691260 154.208280 73.347742 2554184
720 187.539787 245.662541 169.652563 2554399
721 81.273760 315.120845 218.833424 2554187
722 101.241473 353.103279 103.642989 2554315
723 161.683701 390.071573 113.415583 2554353
724 171.729105 108.861174 206.103319 2554163
725 103.596666 41.136978 37.844790 2554320
726 107.778801 100.635847 235.792375 2554272
727 158.987587 158.399604 52.283966 2554015
728 92.314792 512.064774 98.726870 2554437
729 226.332999 140.924682 345.598764 2553962
730 307.944882 154.144072 585.315378 2554078
731 120.632513 252.145087 226.676880 2554219
732 69.005598 452.725503 123.931663 2554306
733 395.088173 156.676481 350.803007 2554293
734 73.709971 249.637689 376.542942 2554108
736 33.815072 304.677594 70.959488 2554328
737 338.720844 100.661088 72.521917 2554344
738 85.095249 63.758988 114.172655 2554359
739 87.445658 206.922175 102.822310 2554276
740 167.876351 98.410587 59.525953 2554182
741 74.743125 45.452260 53.530349 2554435
742 44.682120 124.463270 58.734442 2554379
743 145.060844 120.543128 81.763753 2554142
744 64.711086 103.049567 40.601444 2554196
745 242.832898 406.998637 53.252386 2554147
746 75.262503 304.829824 159.402486 2554392
747 197.562317 285.367338 149.729309 2554228
748 119.196526 486.060213 224.441525 2554008
749 56.796881 69.654862 776.049903 2554465
750 74.007894 107.423386 826.643450 2554056
751 175.372582 91.817404 72.984974 2554329
752 327.094452 68.886939 79.866213 2554434
753 442.662511 98.924339 119.952700 2554253
754 98.067455 68.684954 56.081826 2554462
755 93.173926 178.216792 44.101325 2554441
756 59.548474 55.088588 307.518552 2554393
757 134.436474 397.263656 184.146374 2554213
758 40.999151 616.220740 83.372937 2554132
759 197.108689 505.908246 72.251861 2554075
760 341.737552 266.960820 91.262172 2554283
761 53.529361 129.256895 122.265620 2554467
762 70.401366 65.386097 264.599532 2554078
763 186.193266 568.505657 141.733431 2554137
764 125.231014 417.877871 425.012794 2554195
765 201.018066 264.454906 171.560561 2554123
766 247.886629 249.471768 121.487065 2554234
767 159.379925 49.559639 219.262488 2554007
768 558.200342 34.954502 307.338936 2554248
769 126.876025 293.342460 68.821765 2554230
770 82.014830 246.634028 397.238491 2554399
771 66.171673 170.919292 108.314373 2554286
772 89.094558 42.322538 231.599025 2554250
773 149.694722 107.097098 162.125321 2554164
774 168.199285 38.198726 62.097221 2554218
775 58.127469 53.944331 104.537670 2554400
776 216.542404 170.212343 184.873205 2554291
777 117.723748 184.378188 76.591804 2554478
778 127.905574 247.017481 25.963101 2554211
779 249.002003 91.419165 80.103886 2554457
780 94.099951 124.176554 416.711726 2554143
781 27.626421 42.971440 450.013960 2554253
782 75.239370 97.540954 73.138102 2554091
783 192.709538 45.373868 129.831552 2554268
784 283.711815 168.634771 243.420952 2553988
785 173.802559 130.821633 61.932813 2554102
786 262.436020 64.375860 130.162876 2554268
787 151.901637 201.735622 265.718966 2554301
788 64.763765 74.582239 187.018546 2554207
789 116.612326 92.510936 179.480319 2554373
790 440.411194 145.854124 651.181620 2554006
791 257.250767 213.775367 191.582751 2554345
792 61.741468 159.235428 162.744945 2554334
793 165.000016 63.488072 57.813536 2554147
794 108.984024 112.909339 280.068982 2554346
795 157.880084 173.466824 117.440698 2554030
796 101.674057 251.708215 55.596217 2554365
797 155.711510 58.152582 79.499542 2554292
798 105.256262 143.010150 202.355983 2554502
799 246.291580 163.286175 144.333719 2554355
800 83.424934 83.463484 223.998804 2554401
801 118.810055 132.014731 160.020192 2554112
802 99.777019 161.315464 177.746151 2554290
803 140.961634 55.090891 345.027180 2553939
804 218.616553 92.433360 583.250672 2554104
805 49.424149 166.313705 142.489930 2554440
806 157.628579 255.186815 64.871687 2554250
807 65.992045 114.018496 69.035172 2554274
808 509.819795 362.679547 152.570659 2554192
809 44.088405 224.570994 363.265541 2554232
810 33.836138 256.156170 169.590293 2554181
811 201.209308 117.469798 348.760174 2554276
812 278.659095 221.368845 143.928749 2554162
813 202.491414 119.420508 395.651032 2554245
814 136.563437 109.909947 58.174438 2554183
815 114.145799 119.441531 38.098095 2554275
816 101.869869 181.745610 152.293368 2554264
817 52.528206 282.587851 127.895713 2554436
818 349.878616 105.882337 168.375154 2554489
819 69.283770 202.225138 257.034600 2554115
820 301.196270 135.067212 88.940127 2554123
821 117.696736 164.677764 89.244523 2554213
822 74.519734 97.231840 41.603198 2554299
823 134.294837 283.194533 113.847112 2554289
824 67.289572 32.637506 111.955294 2554108
825 590.825516 90.672141 122.515145 2554489
826 156.999336 98.561418 74.454274 2554367
827 209.489138 92.515489 185.650782 2554237
828 348.070187 143.482945 103.869064 2554446
829 506.898655 253.290356 104.840850 2554147
830 111.055395 177.722697 93.008638 2554239
831 62.295661 69.417043 48.500604 2554332
832 365.331027 128.315191 198.160637 2554116
833 104.423598 486.332857 110.625290 2554344
834 212.188566 120.953509 397.558192 2554256
835 172.487751 136.975630 303.240835 2554258
836 82.838492 615.008497 68.013114 2554151
837 52.561575 84.633254 68.462000 2554280
838 132.980526 54.839572 105.543691 2553856
839 515.461002 205.677254 330.187585 2554390
840 103.199853 113.375458 60.330373 2554452
841 69.079493 414.303989 134.183378 2554402
842 39.491097 278.765960 57.173135 2554458
843 133.830243 540.666613 138.422885 2554494
844 179.595521 57.170893 102.157082 2554222
845 128.116525 318.769218 88.745957 2554279
846 118.255681 347.501198 56.995616 2554470
847 157.002540 66.730329 76.174387 2554385
848 189.107458 192.097879 31.685002 2554337
849 72.714713 168.138598 43.358179 2554136
850 163.050712 44.383579 140.395439 2554220
851 85.185465 220.150533 418.062277 2554169
852 35.895163 43.874665 297.179240 2554178
853 486.910666 417.272408 39.357392 2554282
854 170.727305 272.817415 107.955319 2554016
855 37.716267 120.733501 91.889760 2554241
856 57.352139 295.457457 83.940952 2554167
857 277.956951 119.073977 640.218352 2553999
858 242.506220 204.578398 37.745025 2554136
859 327.818329 815.537700 57.361769 2554154
860 65.077479 1175.679836 72.182008 2554320
861 204.647482 284.644080 146.573747 2554210
862 92.352698 182.115015 137.984594 2554244
863 161.836525 157.268842 332.935415 2554293
864 80.675486 104.448843 406.699991 2554209
865 272.231819 254.394774 66.918730 2554538
866 135.288462 143.483931 78.550879 2554312
867 300.507560 66.708051 34.446531 2554113
868 149.755751 104.972521 213.458168 2554362
870 64.560299 189.402332 115.088736 2554350
871 68.163627 273.498727 246.833905 2554147
872 118.303586 416.852424 126.934340 2554265
873 91.658589 404.288459 388.596234 2554144
874 114.612813 355.205136 139.910097 2554319
875 30.516912 165.654680 286.370048 2554148
876 117.934477 227.233233 126.241251 2554398
877 91.913376 138.034615 227.081801 2554348
878 120.966027 83.751591 646.650333 2554115
879 369.665812 73.089649 312.654215 2554217
880 337.090689 124.170683 509.369823 2554136
881 98.370952 120.477327 48.817230 2554207
882 163.777910 185.882585 125.884619 2554402
883 220.080113 263.465250 226.219343 2554381
884 232.125675 25.917018 98.404606 2554230
885 73.600160 59.713825 72.481691 2554221
886 330.012480 52.842368 169.885293 2554003
887 90.634433 248.226696 82.874360 2554393
888 36.243596 182.122658 663.031846 2554395
889 46.055724 113.904323 492.305441 2554175
890 167.410870 180.336687 162.812913 2554507
891 161.816054 77.554052 112.203656 2554347
892 50.985918 109.142512 64.287078 2554578
893 61.376134 239.837656 227.725127 2554453
894 217.718859 113.280509 185.333087 2554164
895 157.717936 88.185376 144.195414 2554225
896 94.180469 209.340256 149.172908 2554463
897 130.075524 59.922136 125.116537 2554091
898 123.943519 427.589512 35.011699 2554188
899 53.864093 188.422142 728.875545 2554179
900 59.243308 168.360096 53.105648 2554284
901 44.672783 202.637361 47.543699 2554144
902 273.838911 138.152511 127.201166 2554070
903 96.912631 163.589200 100.220085 2554139
904 148.621952 54.761278 59.326706 2554177
905 312.891601 55.652684 108.163086 2554258
906 70.707001 132.858750 67.830830 2554553
907 156.124904 156.974237 94.540187 2554474
908 219.277282 271.220638 576.328327 2554415
909 155.305350 269.353871 552.435811 2554289
910 373.468341 141.556489 262.684768 2554393
911 261.120246 351.484489 113.455845 2554283
912 245.953036 138.036008 86.090286 2554343
913 523.151505 256.520584 186.823922 2554281
914 667.201849 1118.073465 282.102619 2554047
915 631.746552 635.587491 262.227287 2554270
916 108.899162 150.315795 43.106037 2554210
917 258.050220 365.451296 70.932404 2554342
918 569.782130 38.067184 104.869794 2554167
919 256.487988 156.342446 45.519514 2554360
920 192.608835 170.544703 42.474895 2554437
921 226.339805 263.790800 68.231821 2554125
922 229.149846 60.082753 112.591360 2554233
923 130.247071 122.358180 76.029654 2554429
924 325.542482 221.979384 120.508938 2554351
925 906.098270 284.081554 63.603325 2554330
926 148.636279 176.587059 151.310610 2554449
927 192.561554 310.031993 743.754141 2554077
928 34.664535 156.331332 143.277345 2554202
929 199.857880 99.569363 79.551792 2554245
930 137.240067 94.237830 123.904998 2554350
931 62.655604 51.863633 350.379372 2554143
932 97.657849 110.187799 76.966765 2554385
933 111.256875 133.636790 120.754690 2554234
934 451.883152 62.446828 126.392910 2553987
935 323.691363 740.432403 66.834766 2554338
936 74.056670 103.942929 184.074900 2553994
937 82.148032 133.744549 134.169029 2554326
938 81.134885 210.097972 328.516385 2554426
939 91.516659 217.104131 371.300972 2554240
940 524.980775 191.262130 647.195079 2554154
941 500.510076 134.445577 685.422605 2554039
942 89.774091 209.505528 102.069038 2554103
943 122.430872 201.703715 151.990471 2554234
944 772.075748 86.996179 157.164226 2554216
945 83.596809 87.512176 123.381626 2554263
946 281.380645 131.169879 223.508394 2554160
947 92.673460 517.211762 120.340174 2553932
948 278.023630 622.673540 349.522723 2554527
949 82.110676 369.587913 81.269509 2554183
950 95.205894 259.392091 77.523335 2554419
951 81.636258 233.032868 131.260628 2554270
952 48.765572 66.250915 152.929134 2554200
953 74.426188 62.713902 129.357721 2554308
954 67.990697 82.024650 215.147786 2554564
955 184.726519 74.699638 48.700478 2554359
956 65.772355 189.908038 279.758343 2554099
957 136.513433 265.872735 337.136296 2554489
958 290.296718 165.106535 289.312432 2554368
959 180.701635 62.085292 112.592863 2554020
960 57.405130 83.349658 33.697057 2554215
961 70.907435 214.409924 93.049142 2554326
962 327.310324 115.623043 53.135795 2554048
963 371.714796 196.161611 641.936614 2554283
964 118.437826 355.500878 50.772453 2554068
965 72.474433 76.501053 96.285158 2554152
966 34.948377 221.802054 230.636556 2554222
967 99.336697 118.685892 166.244974 2554271
968 182.076826 91.781650 103.816437 2554269
969 129.315286 46.126535 48.147322 2554238
970 304.382958 56.601962 64.527111 2554158
971 243.610910 125.084609 125.506434 2554352
972 186.224042 153.454468 368.178742 2554286
973 97.979707 118.307667 35.935909 2554170
974 130.133342 54.772871 75.031375 2554216
975 94.989106 199.712129 30.822079 2554263
976 51.007211 190.563260 81.937387 2554185
977 166.815803 103.414971 85.600064 2554285
978 68.750063 426.015363 101.372983 2554344
979 54.429497 199.199319 283.846000 2554066
980 45.904986 193.346355 270.420180 2554121
981 76.724659 81.789730 277.832408 2554234
982 193.013259 44.042708 315.557537 2554257
983 52.717548 141.642015 474.624165 2554257
984 148.612521 111.656919 172.381072 2554193
985 75.318468 58.941882 217.240507 2554266
986 156.801880 130.972702 134.685021 2554099
987 41.338840 271.492557 180.398772 2554214
988 58.434383 155.240106 90.510060 2554185
989 137.104464 71.340355 29.082110 2554136
990 42.807799 213.524943 53.474108 2554269
991 163.882801 194.169614 93.806078 2554464
992 252.922522 135.264753 457.067263 2554198
993 266.056330 112.841604 186.786306 2554253
994 81.223774 92.253319 412.348898 2554031
995 127.093688 40.770844 579.024060 2553936
996 625.451711 131.122063 144.422193 2554286
997 164.490916 69.322994 74.168739 2554413
998 60.481645 193.574482 69.655719 2554164
999 59.979899 142.610838 64.184302 2554283
1000 77.200097 46.560712 164.341846 2554235
