1 1.790308 -6.086086 -1.147334 2554314
2 18.349499 -8.233200 -3.939392 2554468
3 8.137417 -3.844897 0.516329 2554360
4 -18.217702 -6.560451 14.529136 2554226
5 5.255586 -6.698063 4.009911 2554174
6 -2.959328 13.006428 -16.043766 2554102
7 4.955448 -0.720956 -4.763827 2554542
8 5.370793 -5.744163 -2.906757 2554389
9 8.564244 -17.261654 3.008257 2554346
10 -2.679472 -16.954344 8.768423 2554406
11 -1.857110 -11.467914 6.291185 2554405
12 -1.319127 3.501731 12.144509 2554203
13 -6.005016 7.189182 2.269362 2554252
14 1.730935 3.752999 -9.725059 2554430
15 0.109092 -7.386225 1.733132 2554431
16 -13.390549 -9.333770 -7.475999 2554245
17 -9.126912 -11.196754 -1.014603 2554196
18 -9.484911 -6.754144 2.151414 2554316
19 6.625487 7.011510 9.244563 2554165
20 9.090707 17.191486 -6.643114 2554309
21 10.740745 8.842437 -17.097672 2554105
22 -1.586774 -22.508665 -11.867850 2554246
23 -6.216168 -14.592793 3.159081 2554438
24 6.780362 10.727826 0.578472 2554289
25 17.095375 4.929687 8.597745 2554251
26 -0.206499 0.947731 -10.469960 2554470
27 -1.659322 -2.029093 -2.937173 2554290
28 8.552546 0.851915 -10.703736 2554299
29 17.504664 -22.241314 0.718547 2554239
30 15.787036 -1.638507 14.714962 2554265
31 10.593304 9.356179 -8.312053 2554197
32 -2.240118 11.652475 5.446333 2554241
33 -5.943665 -3.462441 1.468050 2554438
34 -0.122155 -7.792593 -18.324970 2554243
35 -6.958425 -4.011863 4.277076 2554266
36 -7.840179 8.377489 18.617221 2554324
37 -7.725754 12.923053 8.147109 2554182
38 5.320567 0.709295 10.978120 2554413
39 12.325397 14.281770 4.550146 2554377
40 5.437250 8.167359 4.412948 2554248
41 6.844240 4.986027 11.035837 2554265
42 11.699162 3.634686 -7.163350 2554132
43 14.080145 0.591661 -3.057998 2554580
44 8.083329 -2.757498 0.962003 2554223
45 15.735075 3.712837 4.939153 2554214
46 0.419215 6.455011 26.534535 2554336
47 -19.018912 3.874934 16.790395 2554282
48 -20.893433 3.689776 0.492206 2554494
49 5.813925 3.401057 -3.655834 2554160
50 -0.752398 -13.136411 -15.207586 2554281
51 -14.915962 -8.253057 -4.689179 2554367
52 0.608209 -6.537219 -4.186663 2554478
53 2.742853 13.202601 -15.443871 2554296
54 8.548949 32.791139 1.312538 2554132
55 8.189686 18.554845 -19.304189 2554257
56 4.795483 22.847637 -21.402873 2554221
57 -10.533110 -4.057340 -10.410028 2554388
58 -15.197823 -4.360636 5.551912 2554395
59 -10.886209 4.230895 0.769349 2554188
60 -1.873582 -2.674314 -3.623770 2554235
61 12.481304 -3.026615 -14.876452 2554363
62 7.457709 6.331646 -9.138075 2554246
63 14.507489 -8.394722 -7.385787 2554300
64 -10.926309 -5.161299 2.358352 2554388
65 -4.686482 4.504295 -9.748497 2554254
66 1.540780 7.083500 -4.730238 2554146
67 -9.131064 2.811111 3.108092 2554132
68 -12.290197 -10.326306 24.675755 2554309
69 -14.619708 -5.352680 1.861205 2554158
70 -0.932278 -0.281106 -7.210728 2554491
71 4.021302 -5.557542 -2.679918 2554567
72 -11.401938 -24.142813 4.568046 2554133
73 -18.683135 -10.834745 0.495643 2554150
74 -14.402007 -1.128774 -20.606786 2554096
75 -3.193270 22.634492 9.666472 2553765
76 -0.957326 -2.713247 1.950090 2553921
77 3.539486 -10.280593 -16.358820 2554229
78 1.205959 -2.182756 -12.519321 2554317
79 9.632594 7.876356 3.775654 2554141
80 -8.410440 0.442838 17.704042 2554174
81 -12.059794 -1.091013 16.394312 2554351
82 -22.880587 -6.552986 14.880812 2554492
83 -4.879456 -14.611567 18.048435 2554000
84 -1.313122 1.112773 -5.550295 2554233
85 2.454719 -12.341066 3.513741 2554415
86 -3.680777 -9.291557 -11.724100 2554181
87 -2.994342 -9.200436 -19.090776 2554156
88 2.255362 -17.558907 2.548722 2554293
89 -6.536301 3.770739 -5.396793 2554438
90 -14.060833 1.869967 -8.303568 2554375
91 1.292495 -14.474013 -9.357733 2554163
92 -3.508074 -9.004126 -28.395168 2554394
93 -4.562854 -6.876578 2.503515 2554270
94 -11.192102 -1.056648 -1.186928 2554338
95 -11.570807 -15.094131 -6.462741 2554083
96 -7.904217 -7.319354 -11.669959 2554082
97 9.152482 -4.740790 -9.333411 2554300
98 14.241605 5.284351 -12.669392 2554347
99 -1.252266 10.373857 2.931395 2554370
100 -3.454720 -0.862999 12.351499 2554487
101 -2.482752 -13.528599 11.111101 2554504
102 -8.609819 -11.679172 -9.733306 2554194
103 -2.880390 -2.253159 8.902148 2554355
104 -2.837524 -2.722019 4.295522 2554362
105 -2.627591 -0.641653 -1.448078 2554221
106 1.774632 -7.516693 -12.827724 2554407
107 15.470292 -6.191049 -8.897281 2554119
108 -11.275913 3.702468 -6.650164 2554245
109 5.750315 -2.243511 -0.386193 2554219
110 -5.517033 -3.694071 3.799965 2554267
111 14.421409 1.927508 11.647351 2554357
113 2.886561 -3.761914 -1.320032 2554498
114 -4.187521 -6.332979 3.416676 2554097
115 -6.479307 11.883879 0.496955 2554267
116 7.376657 12.623892 -1.464479 2554391
117 13.987527 -3.303964 14.160303 2554220
118 5.748515 -2.352613 -4.059414 2554277
119 0.048227 5.649144 -16.858567 2554448
120 -10.018282 2.399429 -13.905961 2554212
121 -12.241789 12.976393 6.619442 2554106
122 -11.090446 -13.862881 -6.893887 2554257
123 1.805640 6.580555 8.655026 2554114
124 -17.737061 5.361592 13.317923 2554300
125 -7.440104 0.120616 -6.401006 2554153
126 -7.244054 -4.913576 4.641136 2554128
127 2.219583 5.676883 -1.877951 2554248
128 -18.413172 2.604193 4.875428 2554366
129 4.698686 -1.118195 -0.894659 2554504
130 -1.329375 14.331822 19.191731 2554285
131 -10.625071 2.985058 11.600611 2554164
132 -12.586798 -13.879472 19.322181 2554433
133 -8.251826 0.911839 8.175871 2554307
134 6.941854 7.434266 8.383713 2554354
135 -2.206524 -10.107026 9.407773 2554318
136 7.112691 10.058516 13.845988 2554334
137 -2.172730 26.012387 2.886359 2554499
138 -18.036758 11.036735 -11.412589 2554326
139 -10.283171 13.276538 -2.630679 2553999
140 -1.538017 9.519633 20.942753 2554293
141 1.207907 -14.220616 12.149707 2554241
142 -3.812656 4.652222 3.054202 2554388
143 0.905513 -1.851108 -4.984802 2554414
144 -15.503558 -9.782489 9.701322 2554486
145 15.558211 -2.638964 7.033562 2554287
146 -17.345519 15.813401 5.821701 2554145
147 -2.653909 5.182125 12.981119 2554243
148 -3.556885 4.370548 5.730960 2554523
149 -5.986393 -14.571910 4.472324 2554347
150 -11.063617 -8.926238 -1.601998 2554354
151 -17.109442 -0.256017 -1.102451 2554077
152 -16.613591 6.058150 -1.307657 2554554
153 12.743054 -8.457928 13.193850 2554254
154 -4.344385 -7.061058 -1.264678 2554492
155 4.858030 -18.129147 4.190972 2554211
156 -0.329263 -8.151605 -11.035182 2554265
157 -4.343430 6.275650 0.786088 2554622
158 13.867446 -7.057353 -12.655404 2554215
159 -1.954083 4.226810 -6.669907 2554211
160 0.529652 0.407123 -10.443347 2554087
161 1.986847 0.082241 -8.356973 2554342
162 8.447387 -1.628411 -4.382673 2554260
163 -0.879633 7.758778 -13.714328 2554072
164 -4.128172 3.076718 -14.781127 2554303
165 -5.324135 0.661325 -13.188232 2554357
166 10.954624 0.498860 -8.221554 2554240
167 8.492398 -6.947523 -5.550804 2554180
168 15.367236 -15.694739 0.970908 2554217
169 2.931323 -9.936030 5.193728 2554275
170 -22.291455 2.519390 12.942277 2554249
171 -1.142499 0.573395 4.858537 2554181
172 -9.240238 7.924544 -8.844334 2554298
173 -13.383396 12.147091 -4.030742 2554058
174 7.496478 4.288354 -11.596663 2554240
175 -10.048834 -3.772471 -0.061676 2554133
176 4.726455 7.103447 -0.167530 2554259
177 -2.928701 -1.771614 4.840426 2554186
178 -13.528102 -2.204887 18.166014 2554225
179 -4.463895 1.906359 12.982905 2553898
180 -0.953789 17.819129 -4.035806 2554305
181 -20.349612 -8.824467 -3.433888 2554218
182 -20.941850 -6.366384 9.586718 2554350
183 6.206419 5.273898 19.358928 2554041
184 9.596797 0.535188 -8.914503 2554142
185 4.194572 -17.648078 6.301634 2554318
186 -2.806941 2.680682 16.160538 2554088
187 -12.412914 -0.353740 9.415912 2554517
188 -14.336272 -13.420576 20.299444 2554086
189 1.622891 4.467085 0.417063 2554271
190 -2.813616 6.825925 -0.691503 2554262
191 17.384891 4.119275 -17.061514 2554203
192 11.834188 23.890132 6.951790 2554225
193 21.385264 19.799336 -14.647137 2554235
194 -2.988235 -4.259785 -5.948861 2554250
195 -1.652361 -4.206917 8.530245 2554130
196 -4.736049 -4.908864 1.684138 2554246
197 6.014924 -3.888577 18.753636 2554051
198 4.760654 -7.454927 0.954727 2554062
199 -5.307609 11.065326 1.997889 2554228
200 12.154106 -2.902016 -14.486107 2554278
201 -2.434954 3.896052 -1.431957 2554289
202 -6.471028 -7.316234 3.047488 2554107
203 -11.354748 1.239537 -4.488465 2554405
204 9.163121 2.644908 -9.385398 2554254
205 -4.849810 13.206766 -13.384897 2554208
206 -4.161257 4.969641 9.374956 2554209
207 7.238286 -17.385562 11.682425 2554420
208 7.978337 11.173409 17.029424 2554158
209 5.787035 4.334808 -4.601522 2554192
210 3.266524 1.576021 -15.494097 2554253
211 -6.641128 7.683296 -14.184514 2554308
212 -11.067156 -3.061057 -5.137288 2554275
213 9.480653 -5.736702 -9.806529 2554402
214 9.633121 15.443284 -5.076131 2554305
215 3.837090 11.770633 13.245042 2554169
216 -8.794485 18.063307 9.185514 2554235
217 1.361465 -7.803667 -12.428524 2554395
218 -13.385904 5.219167 -6.197305 2554263
219 -9.355812 -8.180037 -5.135753 2554195
220 16.785527 -4.085896 -18.715641 2554285
221 -12.525936 -0.521247 -3.173178 2554089
222 -20.693075 -10.679152 9.511580 2554282
223 -15.433137 -7.246966 7.576284 2554428
224 22.369526 -6.913990 -3.949797 2554045
225 8.918957 -21.160947 -7.837308 2554111
226 7.406965 -21.845788 -4.131115 2554185
227 4.168843 -7.962622 -10.047208 2554261
228 -19.206028 -10.747504 1.717463 2554113
229 -10.196236 -11.644196 -8.711690 2554201
230 0.811277 -21.532450 -5.825576 2554398
231 17.027417 -6.634899 -12.702414 2554396
232 -17.351887 -5.705950 2.140676 2554412
233 -12.074630 -10.819544 -14.795736 2554169
234 -2.458944 -22.781833 -3.682866 2554348
235 -1.104382 -19.453440 -3.081245 2554364
236 15.793800 4.256091 -2.992862 2554235
237 1.927707 -2.610646 7.505793 2554440
238 -12.308230 -6.957239 3.240557 2554379
239 -9.051149 1.695553 2.862347 2554485
240 -1.376907 -0.845670 -25.192872 2554247
241 6.963217 -14.754741 -0.251264 2554106
242 -6.282919 -3.727061 5.224046 2554283
243 4.998169 17.452144 -10.494727 2554364
244 6.232429 10.273492 3.567555 2554057
245 -2.606106 2.356821 14.705510 2554336
246 -6.673347 23.025788 1.558874 2554010
247 -0.004641 27.436260 10.839191 2554141
248 1.523941 24.439056 16.785797 2554163
249 3.229398 16.759515 3.152886 2554178
250 -5.099916 18.658145 2.048662 2554226
251 -1.693783 29.482827 14.685253 2553966
252 7.466197 15.532541 13.952904 2554284
253 6.854226 4.409217 1.104193 2554287
254 -18.870642 -6.091845 -12.962793 2554277
255 4.504107 -5.566373 10.845635 2554066
256 -8.302167 -10.433357 14.072409 2554346
257 -15.723702 -15.208842 17.258590 2554079
258 4.993651 2.789577 -12.399876 2554315
259 0.616535 22.161559 -6.568585 2554362
260 -3.342750 10.814628 12.723615 2554379
261 8.466985 3.341713 8.624046 2554379
262 9.713746 -2.357356 32.140933 2554396
263 1.762094 -10.586542 6.447334 2554185
264 9.240619 8.297087 1.764984 2554496
265 13.433689 24.351170 9.233354 2554140
266 18.524281 16.545159 -14.975155 2554333
267 -4.738045 -2.239260 -11.848880 2554264
268 2.826651 0.795705 -4.714287 2553995
269 -1.397024 6.682927 2.917222 2554107
270 6.259186 -10.148134 -9.705755 2553989
271 -0.704253 -1.352488 -4.826037 2554332
272 6.126384 -4.544215 9.001309 2554259
273 -0.733727 -1.177693 6.147365 2554199
274 10.987311 10.704491 -0.942475 2554364
275 -6.901553 7.948230 12.387628 2554407
276 4.177208 0.756300 17.791998 2554222
277 8.059437 -6.805863 -6.541713 2554408
278 -4.826880 -7.984437 -19.587447 2554127
279 4.422508 -9.137499 -6.172458 2554253
280 -0.644568 -9.106681 -10.643420 2554186
281 -15.603291 -0.456266 -7.044885 2554376
282 -19.691604 13.496582 9.074197 2554420
283 -10.607988 -8.354183 10.622898 2554049
284 14.393467 -5.917703 3.003434 2554366
285 11.339780 5.783913 -1.831639 2554193
286 -15.443595 -8.051695 -2.515055 2553861
287 -9.257437 3.820092 -1.783692 2554259
288 -5.235911 15.025040 -12.592745 2554578
289 -2.185725 16.972039 7.373531 2554128
290 -6.410967 6.190481 7.376338 2554279
291 -5.593533 8.305910 6.819213 2554350
292 -6.336294 -4.488467 13.793963 2554433
293 33.267738 0.481426 6.007081 2554197
294 15.833737 -2.370563 2.935280 2554145
295 7.427037 -10.799633 21.623535 2554372
296 -6.924077 -13.919088 -2.965469 2554201
297 -9.923929 -1.061081 7.471423 2554356
298 -3.907905 12.907819 1.675371 2554226
299 -23.290391 7.203566 4.953683 2554370
300 -16.725503 -2.879760 -12.884140 2554254
301 -9.622233 -1.510526 -17.132232 2554024
302 1.593540 8.666489 -9.651924 2554083
303 -0.609669 5.512439 -17.172586 2554537
304 18.152245 -5.668670 12.074378 2554063
305 -0.619182 -6.382725 -5.970978 2554228
306 -1.663432 -7.962260 -22.943446 2554061
307 -15.096014 6.916426 -22.232380 2554101
308 -8.339093 16.524962 2.552014 2554167
309 -9.860677 4.264077 13.629025 2554042
310 -6.983046 -11.704206 5.019721 2554581
311 -4.677948 -0.278984 -4.216093 2554519
312 9.784890 -13.538449 12.541519 2554140
313 15.627643 -6.325339 10.440497 2554224
314 13.704724 9.523010 2.114016 2554381
315 11.413227 15.491194 -1.457659 2554121
316 10.795990 4.384313 2.826446 2554061
317 10.820167 9.929452 11.239978 2554147
318 -0.392538 9.437154 20.594275 2554126
319 12.371842 -1.890645 17.182643 2554340
320 14.635765 -4.761975 9.198875 2554117
321 6.395049 4.335908 13.637816 2554149
322 -3.224566 14.848121 5.061701 2554136
323 -5.114120 7.503716 -1.989660 2554200
324 7.836113 3.286163 -21.763001 2554266
325 3.874747 -3.846216 -1.708376 2554442
326 7.905543 -3.931715 5.603783 2554191
327 9.439462 1.108539 13.364930 2554239
328 3.086847 2.906358 6.795466 2554267
329 2.422997 0.693711 8.437740 2554271
330 7.490723 5.755507 -22.707292 2554351
331 12.020197 14.973170 -3.319436 2554093
332 19.858097 20.492409 6.598585 2554125
333 -6.428666 11.621967 -13.557941 2554039
334 -1.939457 -2.761911 -5.951470 2554315
335 -1.649055 -16.132067 10.967408 2554121
336 -2.442804 -1.553948 -1.091058 2554420
337 10.232810 4.481991 3.336880 2554393
338 -8.275593 -7.553836 -5.581707 2554174
339 -14.554261 3.335768 -3.118481 2554333
340 -3.035614 15.566748 -6.129576 2554063
341 8.174128 0.377696 1.805004 2554440
342 4.588577 14.179721 6.285762 2554365
343 -0.558368 8.615323 13.339539 2554106
344 5.525225 3.998231 6.723639 2554130
345 5.272131 19.802573 -12.728991 2554538
346 -3.531153 4.206319 -14.552845 2554398
347 -20.835006 3.609771 -17.904340 2554262
348 -15.338934 2.677835 -14.228412 2554429
349 -0.206742 12.588362 -0.043531 2554149
350 4.006232 6.662294 -0.815371 2554162
351 1.670322 12.464681 -11.263654 2554104
352 12.541415 -4.550732 -8.342445 2554402
353 10.223409 -18.877074 0.647267 2554318
354 13.522696 2.808599 -2.079710 2554423
355 -6.789451 16.397872 3.753221 2554545
356 -3.205586 23.311095 0.339170 2554434
357 7.303351 -4.141001 1.087096 2554520
358 15.156316 4.139754 13.646938 2554009
359 11.317023 9.012333 -0.383926 2554235
360 7.726693 11.963460 4.343357 2554309
361 7.813232 7.795708 23.226696 2554373
362 -7.232032 17.758523 6.931417 2554360
363 -4.581665 9.368531 13.232652 2554190
364 6.990865 5.319483 2.808081 2554091
365 14.711146 9.577355 16.231210 2554122
366 16.708244 -11.897924 -10.066678 2554201
367 16.386653 -22.364094 -4.627966 2554047
368 2.059758 2.987750 -5.819372 2554158
369 -11.175653 -4.771940 -4.407179 2554173
370 -21.774642 0.410955 -5.430364 2554303
371 -18.182401 9.727967 -3.023099 2554160
372 -4.626296 -6.247513 -1.890999 2553913
373 4.398809 -11.657450 -1.895524 2554181
374 -0.878477 8.930573 3.933867 2554289
375 -6.111189 6.450077 -0.740655 2554400
376 20.331974 4.045657 -18.154108 2554201
377 16.444411 -0.125824 -4.952706 2554214
378 6.547572 -8.273509 -28.534037 2553997
379 -2.093883 -12.958426 -16.529292 2554065
380 5.979759 -15.112028 12.061247 2554299
381 -1.914225 10.450265 2.327723 2554291
382 -16.231847 15.738987 1.301144 2554246
383 -0.515840 -9.315761 7.931149 2554172
384 5.581167 9.528227 1.547107 2554250
385 -12.169249 -1.584142 6.797566 2554414
386 -14.163662 6.847249 10.031135 2554426
387 2.145518 -6.755296 5.296054 2554261
388 -0.806434 8.472802 14.320830 2554304
389 6.211903 -23.152744 7.255999 2554220
390 18.229292 -7.733310 2.375668 2554241
391 -2.143532 15.159779 -9.397464 2554172
392 -8.450773 12.569211 1.518530 2554254
393 -6.339149 3.329691 -10.194292 2554260
394 4.794123 17.375584 -10.572349 2554214
395 5.959618 12.163903 -2.738331 2554258
396 3.257578 8.434039 14.138904 2554332
397 -4.702313 -2.502505 12.090650 2554243
398 -0.417056 10.544822 10.190846 2554278
399 -9.109326 -1.846543 -3.917833 2554280
400 -5.457390 4.659528 0.058050 2554156
401 6.703617 9.059114 -9.272475 2554307
402 -11.972236 0.987339 18.080511 2554012
403 -0.518381 -5.061450 33.142812 2554240
404 9.501434 -1.456702 30.501413 2554060
405 9.639155 7.361863 -8.469700 2554286
406 10.113543 1.142472 -22.045057 2554269
407 6.388642 2.581850 -7.016528 2554334
408 5.164011 7.494175 21.751361 2553961
409 -2.506904 1.475935 7.359768 2554315
410 -10.715144 9.326613 4.482901 2554269
411 1.334397 5.307561 19.370352 2554068
412 -8.278381 3.836849 11.601376 2554299
413 -3.568933 -0.769971 -0.425057 2554583
414 -2.431717 0.192444 14.969299 2554618
415 -6.926283 3.932834 3.052063 2554080
416 -0.446761 -0.026692 -14.238192 2554079
417 -2.836599 -9.495387 -15.498069 2554178
418 21.991051 2.626104 1.619604 2554166
419 23.031166 3.566355 2.940676 2554239
420 2.049570 4.855135 6.267018 2554246
421 6.081554 13.492140 -11.055279 2554455
422 5.852738 -18.853911 -26.098210 2554015
423 14.068694 -6.928485 -3.677228 2554411
424 8.594935 1.019462 0.770770 2554374
425 24.816596 16.548474 16.849587 2553978
426 10.229899 7.997920 7.526526 2554346
427 -11.708529 -1.555976 20.804670 2554112
428 -6.420297 0.100663 9.668821 2554337
429 11.402510 -12.918145 -2.912212 2554287
430 -1.786371 -5.010126 -17.578361 2554295
431 -1.125332 -9.972106 -20.999864 2554206
432 3.237871 -8.322654 0.787273 2554457
433 12.787794 3.700985 -2.572796 2554200
434 8.564843 1.206483 4.958678 2554320
435 8.664472 -3.686603 -5.819804 2554284
436 -4.824144 0.640095 17.167603 2554302
437 9.581003 -1.333345 9.630784 2554101
438 4.939018 2.045156 17.272159 2554298
439 5.261611 -1.106003 -14.770604 2554257
440 2.060232 -6.864756 -12.704802 2554398
441 4.325199 -9.761127 -20.589107 2554028
442 10.382226 -15.942094 -9.107710 2554327
443 23.789195 -1.428401 -14.855051 2554356
444 8.205128 4.666392 0.666651 2554464
445 11.980212 11.481753 8.999502 2554168
446 -13.087606 6.872110 -4.834194 2554313
447 -2.228055 -7.708900 18.816636 2554407
448 5.214115 -10.656116 25.531632 2554294
449 -13.463874 -3.847441 -1.299162 2554202
450 -1.637914 -9.343738 9.248753 2554254
451 -5.516028 5.356274 -0.051312 2554270
452 -16.432875 10.465004 -5.094696 2554101
453 -2.638591 12.435218 1.514903 2554355
454 12.281624 -22.874030 -12.559282 2554170
455 7.436199 -16.646426 -6.387206 2554061
456 -2.481717 2.419354 0.205841 2554242
457 -3.775083 -0.353840 12.464551 2554147
458 -2.915144 -4.242917 0.656327 2554127
459 10.018616 13.448440 -24.858413 2554206
460 17.127195 19.170699 -10.844695 2554137
461 0.606484 7.312708 -4.892174 2554271
462 -2.809986 -7.930325 14.080914 2554249
463 -20.245375 -7.721754 -10.533024 2554072
464 -7.004652 5.380418 -1.014396 2554177
465 -0.283834 9.035168 -5.611780 2554277
466 -1.394986 15.349701 -1.087727 2554345
467 7.512079 0.476876 10.275136 2554457
468 -14.701843 1.307156 8.283537 2554338
469 -3.132173 -1.212701 6.043661 2554388
470 2.792484 -11.478760 3.350667 2554217
471 -4.057051 -5.404053 -3.236489 2554022
472 -7.655913 12.545629 6.867365 2554176
473 -13.056401 6.381406 4.133608 2554223
474 -8.718303 -0.042781 -2.531258 2554348
475 5.665670 0.006473 2.820444 2554139
476 8.075309 -13.986615 -7.231791 2554046
477 8.084153 -17.054808 -7.180288 2554110
478 14.862369 2.730378 -12.329671 2554044
479 -6.933112 15.854316 7.738493 2554381
480 -3.978906 17.006309 -11.991472 2554216
481 -0.760090 15.273045 -2.342791 2554313
482 8.077624 -1.777246 -18.457444 2554285
483 2.552497 -2.753241 -5.729789 2554361
484 10.351617 0.874580 1.071973 2554271
485 -8.599804 -13.366841 10.090233 2554389
486 -1.268480 -0.581455 14.132024 2554419
487 -12.004254 9.187217 6.377641 2554241
488 -13.048813 15.937130 8.196294 2554563
489 0.893929 4.552575 12.422896 2554010
490 9.539108 6.562229 -2.403572 2554181
491 -14.548529 -5.823015 -17.121814 2554292
492 -10.521052 -5.352269 -15.372236 2553806
493 25.653540 -8.695973 -0.622192 2554331
494 -0.812202 -14.566713 -0.238508 2554086
495 -5.764103 -4.578075 5.949103 2554342
496 6.289511 12.646401 4.611887 2554217
497 1.567486 15.221795 2.963504 2554176
498 0.503553 -7.065004 1.969625 2554280
499 -4.635946 -11.183931 0.470571 2554099
500 -14.098636 -4.870569 0.301454 2554163
501 9.101132 -3.427088 -10.006033 2554306
502 10.511118 19.746604 3.516860 2554196
503 0.679239 14.127480 -26.122226 2553972
504 -7.784918 10.107414 -17.073294 2554261
505 -9.063711 0.338454 -9.926359 2554202
506 15.956820 1.846311 -8.721769 2554269
507 10.540776 -1.361162 0.343148 2554428
508 14.375331 -1.917661 10.381317 2554066
509 9.394029 -2.914015 -3.685324 2554218
510 1.604488 -0.551840 15.012384 2554401
511 19.893048 -16.448359 8.302368 2554234
512 8.456213 -3.798752 9.572842 2554363
513 9.775878 24.967864 16.186178 2554238
514 13.267338 8.195110 -6.201534 2554222
515 26.884454 11.754268 -9.167363 2554278
516 -10.851849 1.483864 -13.895945 2554201
517 -13.801090 -0.298098 -0.370735 2554115
518 23.341606 -3.017171 15.957932 2554352
519 29.341577 0.753667 1.120498 2554295
520 8.758195 8.416289 5.625131 2554172
521 7.170682 8.855549 5.128897 2554178
522 15.274862 20.638558 -12.582341 2554295
523 23.645883 -7.273643 9.481926 2553941
524 -16.360058 -18.741796 -8.052214 2553884
525 2.974232 -6.682886 2.971563 2554111
526 -11.267843 -0.076992 -9.082265 2554236
527 6.794415 -13.788068 -8.619095 2554431
528 12.241069 0.353782 -4.456452 2554243
529 6.360317 -8.369772 18.955406 2554186
530 0.054218 -1.434757 10.513118 2554176
531 7.876955 3.356529 5.054917 2554236
532 15.034197 3.909572 -5.793231 2553985
533 10.117050 -9.436213 -19.301729 2554517
534 1.100977 -16.890251 -11.845127 2554172
535 11.284275 1.242013 -7.695057 2554309
536 -5.239266 16.073256 3.675252 2554042
537 -1.603716 10.517109 16.813510 2554233
538 -2.379093 14.880878 -7.673619 2554620
539 -3.343144 0.643464 5.159675 2554082
540 -4.044235 -0.486010 -3.689571 2554442
541 1.746452 0.411183 4.459996 2554118
542 -1.232207 2.573766 3.375068 2554324
543 7.319282 -4.349674 16.091316 2554385
544 13.500704 -12.875631 12.234782 2554240
545 3.057790 -8.419208 3.281828 2554208
546 7.025041 21.630978 -14.723493 2554268
547 -2.350347 0.421615 3.977531 2554086
548 -5.251686 -12.330703 2.825057 2554099
549 -1.974474 11.002031 15.180924 2554196
550 3.071066 14.998601 9.030435 2554474
551 -8.839867 23.831926 8.399691 2554276
552 -16.281600 -9.295393 -0.208137 2554347
553 -7.229324 -0.356131 -7.041927 2554203
554 -4.141455 -14.799408 -6.217097 2554280
555 -5.931442 0.711472 -1.574437 2554510
556 -8.959302 9.498605 2.874954 2553994
557 -11.818362 -0.738246 8.808077 2554262
558 4.337194 4.524091 5.164337 2554214
559 -9.804923 -12.775686 0.159511 2554226
560 -11.006300 0.749433 10.680932 2554247
561 -4.425587 7.507087 24.016137 2554276
562 11.999806 -11.028767 3.805944 2554202
563 13.169369 -8.759634 2.633539 2554272
564 -4.802949 -4.835731 -7.911952 2554369
565 9.779217 -18.309444 -3.187139 2554255
566 7.468917 -1.336158 3.733256 2554035
567 11.679162 16.495009 16.937641 2554424
568 -2.718260 27.720102 9.160774 2554186
569 -4.193610 14.255376 6.840871 2554134
570 -1.802149 18.156522 4.440017 2554233
571 -8.690829 12.711520 8.551657 2554357
572 -10.624185 15.202155 8.760021 2554295
574 -13.528591 -8.573603 -4.216568 2554245
575 -1.650150 2.387313 -12.597744 2554244
576 -0.988943 14.913729 1.063633 2554276
577 0.125593 7.303215 0.374943 2554178
578 3.241295 0.804389 2.020939 2554256
579 -0.330748 12.644933 6.285351 2554022
580 -3.063612 10.008053 15.646253 2554241
581 5.397526 9.398644 -7.093966 2554359
582 -16.697589 -18.550740 -22.318689 2553963
583 5.525374 -10.181665 -22.506653 2554131
584 -15.092916 5.496259 -1.143877 2554294
585 -4.242572 -0.089893 -3.078946 2553975
586 -8.519831 -19.321314 9.316045 2554270
587 -15.883416 -17.909532 -2.922389 2554164
588 22.382768 12.190204 -6.775941 2554313
589 12.832619 14.763767 -2.886857 2554120
590 2.525802 6.306572 -3.062913 2554163
591 -27.851611 1.904130 -9.476275 2554376
592 -13.156800 1.708440 5.863876 2554299
593 -11.434851 -3.075068 6.673235 2554381
594 2.816324 -3.915819 -3.994726 2554291
595 3.910198 -20.282235 -27.039308 2554348
596 -13.348114 -34.075677 -9.370841 2553950
597 5.839816 2.853093 -5.107947 2554242
598 11.726313 7.549791 10.103732 2554354
599 10.202062 7.973649 28.323930 2553958
600 -6.547173 -3.185968 6.552734 2554150
601 -16.008097 -10.366847 -1.453836 2554073
602 5.356094 -28.071355 6.041163 2554178
603 -4.742923 -8.360063 10.233462 2554162
604 -4.381124 16.502251 8.249317 2554230
605 1.298985 8.858778 -5.618603 2554411
606 7.779524 3.532259 -7.140295 2554158
607 1.257846 -4.137057 -3.188815 2554524
608 13.554720 -14.220253 6.216805 2554436
609 2.582949 7.243642 10.019118 2554281
610 -9.029753 21.484652 4.877943 2554164
611 -1.024788 -1.832707 9.029569 2554309
612 0.431193 -9.905296 17.465258 2554204
613 5.170261 -0.715093 2.950163 2554273
614 -5.138730 -7.701689 5.219797 2554208
615 1.547339 1.006857 11.576455 2554102
616 1.972948 0.391147 -6.681043 2554145
617 -3.165450 -13.990558 -4.047721 2554180
618 1.582038 -16.634752 -0.195403 2554224
619 -1.930144 -5.726436 9.403487 2554300
620 -15.427589 -12.134674 4.918587 2554210
621 -0.085658 7.878883 -7.632369 2554262
622 -15.295346 8.956031 -16.982125 2554244
623 -8.038940 -1.897248 2.936354 2554186
624 11.741042 -3.717850 -1.550927 2554197
625 1.201001 -11.946951 -8.949655 2554249
626 -4.000417 -15.855715 0.486210 2554438
627 24.575481 -14.210953 8.051458 2554133
628 19.175932 -21.610408 20.241483 2554132
629 -15.970380 -11.808839 18.962865 2554187
630 3.166103 14.023564 17.326920 2554271
631 11.034446 13.456736 6.883060 2554122
632 -13.904436 24.959371 1.609068 2554167
633 3.447329 1.267212 20.486793 2554353
634 18.567914 7.353615 10.776198 2554196
635 -4.026342 1.207966 5.355524 2554199
636 -6.227467 -6.047747 7.181157 2554224
637 -2.899540 0.169324 1.863379 2554263
638 2.530209 10.317518 -6.917593 2554356
639 -4.431287 11.385111 -3.026274 2554524
640 -5.493963 5.960468 -27.518446 2554195
641 4.965177 2.019356 -11.684467 2554392
642 4.318070 0.841433 6.330064 2554024
643 10.450687 -1.415548 5.920197 2554474
644 11.391974 13.833865 -17.059089 2554321
645 1.366181 8.796724 -18.491050 2554231
646 -22.501358 13.669302 1.847498 2554140
647 -16.146940 -11.880183 -4.080824 2554217
648 0.192805 -21.706898 -0.568193 2554264
649 0.790425 0.052787 -15.148518 2554078
650 -16.316590 -17.439587 -5.869780 2554014
651 9.253584 15.299693 -11.146932 2554488
652 6.392334 6.152556 1.600564 2554398
653 -11.420729 15.417627 -0.424942 2554317
654 -15.497701 -3.859658 5.680677 2554284
655 -12.017338 6.771935 -7.872193 2554352
656 -0.368870 -0.655826 -8.077676 2554395
657 13.959305 6.085576 -5.218752 2554493
658 13.407728 -19.258982 -4.378007 2554288
659 6.368384 -10.970650 12.025092 2554540
660 -5.531561 3.351391 -4.345994 2554352
661 -2.613527 1.993382 -13.327118 2554481
662 4.753548 5.402334 -10.650850 2554218
663 -7.990845 -4.118867 -3.286416 2554418
664 4.832424 2.060524 -12.716316 2554194
665 -12.452110 -13.178976 3.282224 2554539
666 -6.842433 1.918226 -1.795711 2554388
667 -2.012462 0.705437 -12.152689 2554412
668 3.911455 -5.779543 -23.790704 2554409
669 11.296563 -3.780663 -7.551178 2554222
670 -7.112000 0.022711 -9.908236 2554181
671 -19.710623 3.678062 -14.237041 2554092
672 6.903248 2.224957 4.125874 2554261
673 1.637466 -16.561171 -11.878523 2554282
674 -11.878215 -19.083640 7.268146 2554308
675 -1.986384 0.265461 17.173479 2554393
676 -8.037179 1.276971 -10.283462 2554490
677 4.925879 8.584316 1.057237 2554198
678 4.359855 6.459590 -0.574212 2554173
679 19.387043 0.491985 3.802646 2554226
680 -0.388731 16.643358 -2.308848 2554418
681 6.244250 3.496142 2.594758 2554459
682 19.393359 -2.079364 6.517928 2554090
683 17.088332 -0.348100 7.978553 2554261
684 0.111781 6.103515 6.257044 2554079
685 -3.512685 -0.493160 -6.512409 2554262
686 -6.438956 -2.166719 9.885454 2554304
687 2.243821 8.715289 -7.838946 2554475
688 7.868765 -8.523867 -13.836468 2554248
689 2.752989 -11.208033 -14.708094 2554258
690 11.494681 -10.213892 -17.709295 2554235
691 13.121200 -20.494940 -1.049470 2554398
692 5.643760 -7.781956 23.377935 2554255
693 13.265239 14.216969 7.767593 2554395
694 -15.164083 17.923133 -6.226979 2554131
695 7.751389 9.971173 3.533357 2554131
696 6.857168 5.773998 -6.046701 2554386
697 -5.119343 -7.092628 1.067484 2554231
698 -0.468618 21.084610 0.684944 2554051
699 4.224244 0.101451 -1.260991 2554281
700 -15.795192 -4.461280 1.825480 2554498
701 -10.743455 9.765754 -6.159721 2554245
702 0.342041 -1.630626 -8.675095 2554313
703 -3.843623 -5.877523 -0.184722 2554304
704 6.275900 2.585295 2.155084 2554467
705 -10.846258 3.146962 26.577342 2554146
706 -14.739565 -4.941376 -1.088287 2554215
707 -14.549869 4.409463 -12.087758 2554067
708 5.173793 6.390225 2.602180 2554495
709 -8.320377 -9.091775 8.830459 2554146
710 -22.603219 -0.936547 -2.858227 2554088
711 1.538336 6.545251 -6.294120 2554466
712 4.404874 4.435898 -4.435473 2554145
713 -4.454155 2.023484 -14.691924 2554365
714 13.958092 -4.561340 -8.309709 2554463
715 -1.730155 14.790403 5.899380 2554318
716 -2.447406 3.991488 1.778635 2554326
717 -2.408805 2.670950 -1.282744 2554237
718 -2.588464 -0.781158 -10.603329 2554402
719 -4.203280 -2.919097 1.687259 2554184
720 5.001802 13.215599 5.919072 2554399
721 -2.712257 -8.331031 3.133807 2554187
722 -5.261715 -17.579788 5.839717 2554315
723 -9.772508 -16.800863 7.549117 2554353
724 -10.597581 -2.918331 6.671098 2554163
725 2.656108 -2.478954 2.588549 2554320
726 5.505839 -3.306727 -9.336232 2554272
727 -7.022577 4.962688 -2.900594 2554015
728 -7.004508 -20.826965 -1.705173 2554437
729 13.681355 -10.794647 -11.095240 2553962
730 16.165105 5.765196 -21.752352 2554078
731 8.731272 12.717832 -9.404431 2554219
732 5.586795 -20.101740 -0.382975 2554306
733 -15.994281 0.260203 15.570522 2554293
734 3.764135 13.934330 16.521767 2554108
736 1.017976 11.890451 -2.615812 2554328
737 -15.692592 -6.215091 3.812773 2554344
738 -1.300043 2.323245 -2.970716 2554359
739 -1.466141 -12.163289 -5.111900 2554276
740 9.391893 -6.766400 -2.683276 2554182
741 -2.692252 -0.830505 4.047058 2554435
742 4.439382 6.018191 -1.148262 2554379
743 0.733274 2.089826 1.571573 2554142
744 -2.087843 8.033624 1.929889 2554196
745 -13.847180 15.737175 -1.471244 2554147
746 -0.163235 15.562720 10.427556 2554392
747 -10.410752 -10.573875 -3.287272 2554228
748 -2.690914 -20.051966 -13.990323 2554008
749 3.727949 -4.711597 -25.364113 2554465
750 2.801730 -5.720902 -24.458811 2554056
751 2.030334 -6.941877 0.695202 2554329
752 15.859001 -0.896740 -1.798328 2554434
753 19.514788 -0.727804 8.330957 2554253
754 -4.097637 0.240464 5.005548 2554462
755 -5.463044 -10.544006 4.289954 2554441
756 -2.248309 -2.741702 -15.568946 2554393
757 2.308281 18.088669 -1.423413 2554213
758 -1.729104 22.942143 -6.423261 2554132
759 3.205012 20.819124 3.676956 2554075
760 15.485483 -13.261153 0.850027 2554283
761 2.359388 -7.463179 -0.226521 2554467
762 -3.734491 1.061891 -10.657670 2554078
763 -11.511035 -21.347715 -6.975782 2554137
764 -9.090720 -19.232900 -18.382452 2554195
765 9.798859 -12.003804 -11.489813 2554123
766 -11.030003 2.922847 -0.937491 2554234
767 -1.059428 1.618859 -12.195067 2554007
768 20.236096 0.282353 -13.936181 2554248
769 6.213039 13.085507 1.655877 2554230
770 4.383759 -14.364475 -10.784595 2554399
771 2.502425 4.577693 -1.256405 2554286
772 -2.078811 -0.959147 -1.626715 2554250
773 6.493037 4.328228 -8.677055 2554164
774 7.860583 -2.671902 -4.746789 2554218
775 -0.648222 0.616369 8.135304 2554400
776 13.348080 9.892793 -10.668112 2554291
777 7.690649 -7.058979 0.968463 2554478
778 8.705757 -1.807481 -0.306011 2554211
779 14.144408 3.757949 -4.942236 2554457
780 6.761538 7.636802 19.392378 2554143
781 -1.970250 0.654307 18.967617 2554253
782 -0.414418 3.318591 -2.484487 2554091
783 -11.869461 4.665847 1.942183 2554268
784 -15.548498 5.539014 11.541802 2553988
785 -10.188697 4.014115 2.396889 2554102
786 -15.327744 -1.117867 3.023144 2554268
787 -3.205967 -10.823604 14.586982 2554301
788 -4.642680 -5.576626 12.069343 2554207
789 -8.100096 7.318260 5.589411 2554373
790 -17.085646 -10.109084 24.675995 2554006
791 -8.923208 8.647128 11.925714 2554345
792 1.322644 8.315345 11.732362 2554334
793 8.095385 3.358332 -0.508100 2554147
794 4.821218 4.988984 -10.923513 2554346
795 9.214455 10.704519 -5.493198 2554030
796 -4.529285 14.273859 -0.331505 2554365
797 10.030995 5.730167 -4.468018 2554292
798 -9.428301 -9.204693 5.884587 2554502
799 11.368236 -11.646071 -6.534971 2554355
800 3.809392 -4.316085 -12.263249 2554401
801 7.186010 -8.505084 5.142581 2554112
802 -5.407547 11.322264 -3.223906 2554290
803 2.759125 0.246762 -17.458715 2553939
804 11.648754 1.743597 -20.317382 2554104
805 -0.406634 8.213846 -6.316492 2554440
806 -11.505733 -11.275259 1.964111 2554250
807 4.869480 4.669178 -6.640786 2554274
808 -20.955346 16.392685 -9.781730 2554192
809 -3.862058 14.068435 -14.889092 2554232
810 0.712490 13.655229 -7.410499 2554181
811 -12.063411 -7.163661 16.882630 2554276
812 -14.222127 -11.535932 6.952955 2554162
813 -9.209154 5.048661 18.185626 2554245
814 -8.697372 4.419813 2.146738 2554183
815 -6.793065 -9.245389 -0.621697 2554275
816 7.677099 11.813411 9.721540 2554264
817 -0.906252 13.255820 7.986864 2554436
818 -16.397693 6.745789 11.152098 2554489
819 -0.200859 -11.412537 14.818178 2554115
820 16.428791 -8.699846 3.747111 2554123
821 6.011942 -11.917125 3.234197 2554213
822 -4.869379 -6.820558 -0.477799 2554299
823 4.515158 -13.645843 0.153960 2554289
824 3.369121 2.247160 -8.880387 2554108
825 -22.240862 5.747747 4.415447 2554489
826 -10.693465 5.256011 1.560447 2554367
827 -12.233594 -5.634264 6.792530 2554237
828 -17.286352 -5.865976 5.288458 2554446
829 -21.273346 -8.725633 4.422786 2554147
830 -5.536565 11.080621 6.485517 2554239
831 3.178544 -2.745898 -2.568085 2554332
832 -15.658834 -6.989715 -13.238683 2554116
833 -1.356518 -18.849651 -6.627708 2554344
834 -9.421621 -9.289518 15.156805 2554256
835 -9.182981 8.017267 16.075618 2554258
836 4.086047 23.478475 2.825973 2554151
837 1.242055 6.520107 5.420425 2554280
838 -3.775927 3.191763 4.431933 2553856
839 -19.095709 11.953815 11.173839 2554390
840 -5.270145 -2.907423 1.747467 2554452
841 5.754145 -19.667154 2.188801 2554402
842 -2.132531 -15.705785 0.023220 2554458
843 -1.245837 -21.658571 10.432994 2554494
844 -0.625742 2.650454 4.372453 2554222
845 5.369313 16.900192 -7.219309 2554279
846 6.443518 16.414677 2.185252 2554470
847 -9.805090 1.274745 -0.743113 2554385
848 -9.664470 -12.178098 -0.289403 2554337
849 0.739691 8.563254 -0.830153 2554136
850 -11.087166 0.552554 -9.503808 2554220
851 -1.403037 10.130815 -5.455217 2554169
852 -0.517011 2.470965 13.713897 2554178
853 19.461151 18.861052 2.552115 2554282
854 10.999829 14.888286 7.474173 2554016
855 0.715706 1.212751 7.052463 2554241
856 -2.932699 15.436010 -0.023450 2554167
857 -13.767120 -6.132653 18.396678 2553999
858 -2.713392 12.071248 2.827777 2554136
859 -15.543714 27.601507 -1.299990 2554154
860 1.107013 33.547045 -3.951901 2554320
861 11.519270 11.947705 3.200060 2554210
862 5.014090 7.694400 -9.070862 2554244
863 8.547887 8.561995 -16.037360 2554293
864 1.936434 -6.516749 -15.287920 2554209
865 -12.170171 14.327191 3.835626 2554538
866 -5.193929 7.662135 -0.777978 2554312
867 15.779634 -2.144641 -2.877604 2554113
868 9.288487 5.538785 -11.475548 2554362
870 2.198284 10.362497 -5.541873 2554350
871 -4.264766 10.990756 -10.237117 2554147
872 7.219922 19.300368 -9.049517 2554265
873 -5.161544 17.966714 -18.328970 2554144
874 -5.234346 -14.695680 -3.171298 2554319
875 2.142026 -10.937081 13.385671 2554148
876 -2.858938 -9.448604 -3.961080 2554398
877 -4.870550 9.958577 -13.942313 2554348
878 -0.961635 3.527628 -24.447754 2554115
879 -10.717228 3.348080 -16.685689 2554217
880 0.728407 -2.380707 -20.891657 2554136
881 5.597360 3.628937 -2.749586 2554207
882 -4.216361 8.794884 7.733203 2554402
883 10.512033 -14.463383 13.342593 2554381
884 8.669870 -0.843770 1.231553 2554230
885 -2.964454 -1.841845 1.251474 2554221
886 -6.050985 3.400934 -5.902764 2554003
887 3.455485 14.667677 -7.131245 2554393
888 -3.275584 -0.336263 13.939458 2554395
889 2.316416 0.355973 19.646716 2554175
890 -10.436060 -1.512645 7.948821 2554507
891 10.936936 7.082138 -0.682047 2554347
892 -2.545106 3.668769 -3.810300 2554578
893 -4.492035 11.130022 9.459510 2554453
894 -10.854112 -5.338880 10.037675 2554164
895 -10.018540 -7.201714 4.623891 2554225
896 -0.122368 12.308493 -6.185338 2554463
897 5.980731 0.859672 8.426736 2554091
898 10.065271 -16.965475 3.100015 2554188
899 3.535087 -11.241932 23.799198 2554179
900 0.606162 -10.300566 3.609144 2554284
901 -3.614292 -7.634449 2.424656 2554144
902 -9.436217 -2.351159 -5.664314 2554070
903 -7.491731 6.851902 -7.656470 2554139
904 -9.065999 -3.968234 -2.096869 2554177
905 -11.105354 -5.176393 -1.721654 2554258
906 -3.950363 -10.111937 -6.098299 2554553
907 -8.821330 -10.864174 6.464561 2554474
908 -8.873413 -14.099874 22.748557 2554415
909 -8.304453 -13.977416 22.033435 2554289
910 13.774648 5.451808 1.479246 2554393
911 -6.904813 16.595662 5.285605 2554283
912 0.076225 -1.225446 -0.204494 2554343
913 -20.920088 7.082429 6.108134 2554281
914 -24.584633 32.079853 13.095404 2554047
915 -22.101327 22.590925 -14.396937 2554270
916 -4.932729 -5.699127 -1.552360 2554210
917 13.859179 -14.352147 -1.351636 2554342
918 22.496821 -2.365663 4.538750 2554167
919 14.593267 7.667195 -1.145654 2554360
920 12.642036 10.655519 2.567686 2554437
921 -10.870966 -8.458123 -4.272928 2554125
922 12.895425 3.425146 0.315343 2554233
923 3.151797 8.858892 3.804741 2554429
924 -15.188391 12.735584 0.164033 2554351
925 -27.854892 13.381883 -0.019202 2554330
926 8.058309 -9.229652 7.809778 2554449
927 8.137909 -15.993206 26.032541 2554077
928 2.482846 9.646669 10.716540 2554202
929 -7.534414 1.662011 -1.089116 2554245
930 -0.296717 3.992129 6.632539 2554350
931 1.386183 -0.885172 -17.384859 2554143
932 7.180573 8.735194 -5.138480 2554385
933 5.556363 0.226146 -6.145965 2554234
934 18.673318 -2.233284 3.719479 2553987
935 7.339900 -24.960591 -1.262232 2554338
936 -1.401462 -3.714581 -12.354754 2553994
937 4.765022 8.326912 -9.570621 2554326
938 -6.375698 -10.985409 -9.905708 2554426
939 -2.171211 11.163070 -18.305777 2554240
940 -21.378579 -3.338858 -22.079939 2554154
941 10.336153 6.827521 -23.600729 2554039
942 3.092305 9.248084 -7.944580 2554103
943 -1.941185 -10.744797 -5.708650 2554234
944 24.707681 -2.075957 7.385665 2554216
945 -0.405160 -6.569609 6.872792 2554263
946 -13.868202 -5.612721 -12.164360 2554160
947 -0.502824 -19.506656 -8.878930 2553932
948 -14.364130 -23.340752 15.521980 2554527
949 -0.930263 -17.229413 -2.700147 2554183
950 -2.842498 -14.487562 2.133482 2554419
951 -0.863679 -12.396491 -6.654498 2554270
952 -2.392216 -2.208477 0.200189 2554200
953 -5.580267 -3.603909 7.591294 2554308
954 4.255661 -0.357254 11.895942 2554564
955 9.432383 5.266563 1.109547 2554359
956 1.822943 3.715544 14.071890 2554099
957 4.944584 13.186182 17.261356 2554489
958 14.139287 -9.257930 15.073487 2554368
959 6.188549 -3.682178 -0.516408 2554020
960 -0.527439 1.204790 1.462739 2554215
961 2.821110 9.405892 -5.589324 2554326
962 -16.706252 1.330855 -2.585825 2554048
963 -10.701790 -0.224851 -19.462130 2554283
964 8.657905 -17.645236 4.593700 2554068
965 6.426605 -6.692192 0.099281 2554152
966 -0.197202 -10.537670 -3.865691 2554222
967 -3.858215 -7.528481 -0.280364 2554271
968 10.300691 0.340295 8.110842 2554269
969 8.125406 1.857938 -1.616048 2554238
970 2.905865 0.129738 -1.542060 2554158
971 -6.478320 -7.652225 -8.130922 2554352
972 10.251389 -10.250679 -12.385419 2554286
973 5.229513 -7.180140 1.773412 2554170
974 -1.263755 2.346072 2.160301 2554216
975 -6.405375 -8.002596 1.849386 2554263
976 -2.045681 8.485537 1.311807 2554185
977 8.765852 7.417526 -1.632948 2554285
978 -1.117586 -15.383891 4.668031 2554344
979 0.980921 10.719313 4.401163 2554066
980 -3.660156 8.512411 -0.054675 2554121
981 4.438146 -1.926440 15.077698 2554234
982 1.599309 0.696900 5.354869 2554257
983 -4.539791 -10.491107 -19.520804 2554257
984 3.767910 0.714245 -3.895170 2554193
985 7.312542 -0.290471 10.287579 2554266
986 8.562307 1.787042 8.400152 2554099
987 3.786087 -10.064865 9.314999 2554214
988 3.415936 -5.362279 3.454945 2554185
989 7.742391 -7.244769 2.054945 2554136
990 -2.669608 -13.122884 -2.899287 2554269
991 9.152272 -6.631852 1.215385 2554464
992 13.913927 -7.053175 19.316895 2554198
993 13.050883 -3.129850 6.612314 2554253
994 -2.528193 -3.135338 19.452194 2554031
995 9.704488 -0.118138 17.293358 2553936
996 22.912520 8.756689 -7.289936 2554286
997 8.472562 6.440810 -2.217347 2554413
998 3.694365 -6.611645 -4.000339 2554164
999 -3.952379 -8.986645 -0.883837 2554283
1000 4.560649 -0.027467 -1.949033 2554235
